<?xml version="1.0" encoding="utf-8"?>
<COLLADA xmlns="http://www.collada.org/2005/11/COLLADASchema" version="1.4.1">
  <asset>
    <contributor>
      <author>Mixamo</author>
      <authoring_tool>COLLADA Mixamo exporter</authoring_tool>
      <comments/>
    </contributor>
    <created>2024-05-27T10:25:21Z</created>
    <modified>2024-05-27T10:25:21Z</modified>
    <revision/>
    <title/>
    <unit meter="0.010000"/>
    <up_axis>Y_UP</up_axis>
  </asset>
  <library_animations>
    <animation id="mixamorig_Hips-anim" name="mixamorig_Hips">
      <source id="mixamorig_Hips-Matrix-animation-input">
        <float_array id="mixamorig_Hips-Matrix-animation-input-array" count="844">

0.000000 0.033333 0.066667 0.100000 0.133333 0.166667 0.200000 0.233333 0.266667 0.300000 0.333333 0.366667 0.400000 0.433333 0.466667 0.500000
0.533333 0.566667 0.600000 0.633333 0.666667 0.700000 0.733333 0.766667 0.800000 0.833333 0.866667 0.900000 0.933333 0.966667 1.000000 1.033333
1.066667 1.100000 1.133333 1.166667 1.200000 1.233333 1.266667 1.300000 1.333333 1.366667 1.400000 1.433333 1.466667 1.500000 1.533333 1.566667
1.600000 1.633333 1.666667 1.700000 1.733333 1.766667 1.800000 1.833333 1.866667 1.900000 1.933333 1.966667 2.000000 2.033333 2.066667 2.100000
2.133333 2.166667 2.200000 2.233333 2.266667 2.300000 2.333333 2.366667 2.400000 2.433333 2.466667 2.500000 2.533333 2.566667 2.600000 2.633333
2.666667 2.700000 2.733333 2.766667 2.800000 2.833333 2.866667 2.900000 2.933333 2.966667 3.000000 3.033333 3.066667 3.100000 3.133333 3.166667
3.200000 3.233333 3.266667 3.300000 3.333333 3.366667 3.400000 3.433333 3.466667 3.500000 3.533333 3.566667 3.600000 3.633333 3.666667 3.700000
3.733333 3.766667 3.800000 3.833333 3.866667 3.900000 3.933333 3.966667 4.000000 4.033333 4.066667 4.100000 4.133333 4.166667 4.200000 4.233333
4.266667 4.300000 4.333333 4.366667 4.400000 4.433333 4.466667 4.500000 4.533333 4.566667 4.600000 4.633333 4.666667 4.700000 4.733333 4.766667
4.800000 4.833333 4.866667 4.900000 4.933333 4.966667 5.000000 5.033333 5.066667 5.100000 5.133333 5.166667 5.200000 5.233333 5.266667 5.300000
5.333333 5.366667 5.400000 5.433333 5.466667 5.500000 5.533333 5.566667 5.600000 5.633333 5.666667 5.700000 5.733333 5.766667 5.800000 5.833333
5.866667 5.900000 5.933333 5.966667 6.000000 6.033333 6.066667 6.100000 6.133333 6.166667 6.200000 6.233333 6.266667 6.300000 6.333333 6.366667
6.400000 6.433333 6.466667 6.500000 6.533333 6.566667 6.600000 6.633333 6.666667 6.700000 6.733333 6.766667 6.800000 6.833333 6.866667 6.900000
6.933333 6.966667 7.000000 7.033333 7.066667 7.100000 7.133333 7.166667 7.200000 7.233333 7.266667 7.300000 7.333333 7.366667 7.400000 7.433333
7.466667 7.500000 7.533333 7.566667 7.600000 7.633333 7.666667 7.700000 7.733333 7.766667 7.800000 7.833333 7.866667 7.900000 7.933333 7.966667
8.000000 8.033333 8.066667 8.100000 8.133333 8.166667 8.200000 8.233333 8.266667 8.300000 8.333333 8.366667 8.400000 8.433333 8.466667 8.500000
8.533333 8.566667 8.600000 8.633333 8.666667 8.700000 8.733333 8.766667 8.800000 8.833333 8.866667 8.900000 8.933333 8.966667 9.000000 9.033333
9.066667 9.100000 9.133333 9.166667 9.200000 9.233333 9.266667 9.300000 9.333333 9.366667 9.400000 9.433333 9.466667 9.500000 9.533333 9.566667
9.600000 9.633333 9.666667 9.700000 9.733333 9.766667 9.800000 9.833333 9.866667 9.900000 9.933333 9.966667 10.000000 10.033333 10.066667 10.100000
10.133333 10.166667 10.200000 10.233333 10.266667 10.300000 10.333333 10.366667 10.400000 10.433333 10.466667 10.500000 10.533333 10.566667 10.600000 10.633333
10.666667 10.700000 10.733333 10.766667 10.800000 10.833333 10.866667 10.900000 10.933333 10.966667 11.000000 11.033333 11.066667 11.100000 11.133333 11.166667
11.200000 11.233333 11.266667 11.300000 11.333333 11.366667 11.400000 11.433333 11.466667 11.500000 11.533333 11.566667 11.600000 11.633333 11.666667 11.700000
11.733333 11.766667 11.800000 11.833333 11.866667 11.900000 11.933333 11.966667 12.000000 12.033333 12.066667 12.100000 12.133333 12.166667 12.200000 12.233333
12.266667 12.300000 12.333333 12.366667 12.400000 12.433333 12.466667 12.500000 12.533333 12.566667 12.600000 12.633333 12.666667 12.700000 12.733333 12.766667
12.800000 12.833333 12.866667 12.900000 12.933333 12.966667 13.000000 13.033333 13.066667 13.100000 13.133333 13.166667 13.200000 13.233333 13.266667 13.300000
13.333333 13.366667 13.400000 13.433333 13.466667 13.500000 13.533333 13.566667 13.600000 13.633333 13.666667 13.700000 13.733333 13.766667 13.800000 13.833333
13.866667 13.900000 13.933333 13.966667 14.000000 14.033333 14.066667 14.100000 14.133333 14.166667 14.200000 14.233333 14.266667 14.300000 14.333333 14.366667
14.400000 14.433333 14.466667 14.500000 14.533333 14.566667 14.600000 14.633333 14.666667 14.700000 14.733333 14.766667 14.800000 14.833333 14.866667 14.900000
14.933333 14.966667 15.000000 15.033333 15.066667 15.100000 15.133333 15.166667 15.200000 15.233333 15.266667 15.300000 15.333333 15.366667 15.400000 15.433333
15.466667 15.500000 15.533333 15.566667 15.600000 15.633333 15.666667 15.700000 15.733333 15.766667 15.800000 15.833333 15.866667 15.900000 15.933333 15.966667
16.000000 16.033333 16.066667 16.100000 16.133333 16.166667 16.200000 16.233333 16.266667 16.300000 16.333333 16.366667 16.400000 16.433333 16.466667 16.500000
16.533333 16.566667 16.600000 16.633333 16.666667 16.700000 16.733333 16.766667 16.800000 16.833333 16.866667 16.900000 16.933333 16.966667 17.000000 17.033333
17.066667 17.100000 17.133333 17.166667 17.200000 17.233333 17.266667 17.300000 17.333333 17.366667 17.400000 17.433333 17.466667 17.500000 17.533333 17.566667
17.600000 17.633333 17.666667 17.700000 17.733333 17.766667 17.800000 17.833333 17.866667 17.900000 17.933333 17.966667 18.000000 18.033333 18.066667 18.100000
18.133333 18.166667 18.200000 18.233333 18.266667 18.300000 18.333333 18.366667 18.400000 18.433333 18.466667 18.500000 18.533333 18.566667 18.600000 18.633333
18.666667 18.700000 18.733333 18.766667 18.800000 18.833333 18.866667 18.900000 18.933333 18.966667 19.000000 19.033333 19.066667 19.100000 19.133333 19.166667
19.200000 19.233333 19.266667 19.300000 19.333333 19.366667 19.400000 19.433333 19.466667 19.500000 19.533333 19.566667 19.600000 19.633333 19.666667 19.700000
19.733333 19.766667 19.800000 19.833333 19.866667 19.900000 19.933333 19.966667 20.000000 20.033333 20.066667 20.100000 20.133333 20.166667 20.200000 20.233333
20.266667 20.300000 20.333333 20.366667 20.400000 20.433333 20.466667 20.500000 20.533333 20.566667 20.600000 20.633333 20.666667 20.700000 20.733333 20.766667
20.800000 20.833333 20.866667 20.900000 20.933333 20.966667 21.000000 21.033333 21.066667 21.100000 21.133333 21.166667 21.200000 21.233333 21.266667 21.300000
21.333333 21.366667 21.400000 21.433333 21.466667 21.500000 21.533333 21.566667 21.600000 21.633333 21.666667 21.700000 21.733333 21.766667 21.800000 21.833333
21.866667 21.900000 21.933333 21.966667 22.000000 22.033333 22.066667 22.100000 22.133333 22.166667 22.200000 22.233333 22.266667 22.300000 22.333333 22.366667
22.400000 22.433333 22.466667 22.500000 22.533333 22.566667 22.600000 22.633333 22.666667 22.700000 22.733333 22.766667 22.800000 22.833333 22.866667 22.900000
22.933333 22.966667 23.000000 23.033333 23.066667 23.100000 23.133333 23.166667 23.200000 23.233333 23.266667 23.300000 23.333333 23.366667 23.400000 23.433333
23.466667 23.500000 23.533333 23.566667 23.600000 23.633333 23.666667 23.700000 23.733333 23.766667 23.800000 23.833333 23.866667 23.900000 23.933333 23.966667
24.000000 24.033333 24.066667 24.100000 24.133333 24.166667 24.200000 24.233333 24.266667 24.300000 24.333333 24.366667 24.400000 24.433333 24.466667 24.500000
24.533333 24.566667 24.600000 24.633333 24.666667 24.700000 24.733333 24.766667 24.800000 24.833333 24.866667 24.900000 24.933333 24.966667 25.000000 25.033333
25.066667 25.100000 25.133333 25.166667 25.200000 25.233333 25.266667 25.300000 25.333333 25.366667 25.400000 25.433333 25.466667 25.500000 25.533333 25.566667
25.600000 25.633333 25.666667 25.700000 25.733333 25.766667 25.800000 25.833333 25.866667 25.900000 25.933333 25.966667 26.000000 26.033333 26.066667 26.100000
26.133333 26.166667 26.200000 26.233333 26.266667 26.300000 26.333333 26.366667 26.400000 26.433333 26.466667 26.500000 26.533333 26.566667 26.600000 26.633333
26.666667 26.700000 26.733333 26.766667 26.800000 26.833333 26.866667 26.900000 26.933333 26.966667 27.000000 27.033333 27.066667 27.100000 27.133333 27.166667
27.200000 27.233333 27.266667 27.300000 27.333333 27.366667 27.400000 27.433333 27.466667 27.500000 27.533333 27.566667 27.600000 27.633333 27.666667 27.700000
27.733333 27.766667 27.800000 27.833333 27.866667 27.900000 27.933333 27.966667 28.000000 28.033333 28.066667 28.100000</float_array>
        <technique_common>
          <accessor source="#mixamorig_Hips-Matrix-animation-input-array" count="844">
            <param name="TIME" type="float"/>
          </accessor>
        </technique_common>
      </source>
      <source id="mixamorig_Hips-Matrix-animation-output-transform">
        <float_array id="mixamorig_Hips-Matrix-animation-output-transform-array" count="13504">

-0.099494 -0.085864 0.991327 -0.131644 0.033257 0.995426 0.089556 4.415725 -0.994482 0.041878 -0.096184 1.266979 0.000000 0.000000 0.000000 1.000000
-0.136721 -0.077386 0.987582 -0.501314 0.055656 0.994769 0.085654 4.428102 -0.989045 0.066675 -0.131698 1.247084 0.000000 0.000000 0.000000 1.000000
-0.141327 -0.070699 0.987435 -0.842741 0.079895 0.993378 0.082559 4.368513 -0.986734 0.090559 -0.134743 1.247835 0.000000 0.000000 0.000000 1.000000
-0.108374 -0.064859 0.991992 -1.158763 0.100951 0.991993 0.075888 4.302493 -0.988971 0.108367 -0.100958 1.269713 0.000000 0.000000 0.000000 1.000000
-0.057714 -0.051725 0.996992 -1.418743 0.113761 0.991811 0.058041 4.261515 -0.991830 0.116769 -0.051357 1.290559 0.000000 0.000000 0.000000 1.000000
-0.012090 -0.026703 0.999570 -1.624816 0.116257 0.992826 0.027929 4.230036 -0.993146 0.116545 -0.008899 1.295577 0.000000 0.000000 0.000000 1.000000
0.013914 0.006097 0.999885 -1.807327 0.109041 0.994008 -0.007579 4.190399 -0.993940 0.109134 0.013165 1.286856 0.000000 0.000000 0.000000 1.000000
0.014771 0.038395 0.999153 -1.964723 0.095574 0.994633 -0.039634 4.140306 -0.995313 0.096079 0.011022 1.270004 0.000000 0.000000 0.000000 1.000000
-0.004702 0.063168 0.997992 -2.093170 0.081916 0.994673 -0.062572 4.076927 -0.996628 0.081457 -0.009852 1.243118 0.000000 0.000000 0.000000 1.000000
-0.032235 0.076762 0.996528 -2.189520 0.073015 0.994563 -0.074249 4.007027 -0.996810 0.070368 -0.037665 1.196338 0.000000 0.000000 0.000000 1.000000
-0.053693 0.078955 0.995431 -2.283964 0.073494 0.994478 -0.074915 3.946354 -0.995849 0.069136 -0.059199 1.137119 0.000000 0.000000 0.000000 1.000000
-0.065169 0.070749 0.995363 -2.409845 0.080313 0.994619 -0.065438 3.927103 -0.994637 0.075677 -0.070501 1.073601 0.000000 0.000000 0.000000 1.000000
-0.067141 0.057882 0.996063 -2.580866 0.087021 0.994851 -0.051945 3.975771 -0.993941 0.083190 -0.071832 1.022183 0.000000 0.000000 0.000000 1.000000
-0.058894 0.047844 0.997117 -2.748220 0.088149 0.995198 -0.042545 4.064526 -0.994365 0.085389 -0.062829 0.967424 0.000000 0.000000 0.000000 1.000000
-0.042604 0.042948 0.998168 -2.868650 0.082711 0.995798 -0.039316 4.160395 -0.995662 0.080885 -0.045977 0.904191 0.000000 0.000000 0.000000 1.000000
-0.026382 0.040301 0.998839 -2.926822 0.072915 0.996603 -0.038284 4.240860 -0.996989 0.071820 -0.029230 0.856978 0.000000 0.000000 0.000000 1.000000
-0.020596 0.039280 0.999016 -2.925566 0.063609 0.997255 -0.037899 4.309051 -0.997762 0.062766 -0.023038 0.844425 0.000000 0.000000 0.000000 1.000000
-0.030604 0.042561 0.998625 -2.867797 0.059760 0.997384 -0.040676 4.365718 -0.997743 0.058433 -0.033068 0.828804 0.000000 0.000000 0.000000 1.000000
-0.052670 0.049552 0.997382 -2.771424 0.060436 0.997096 -0.046346 4.421458 -0.996782 0.057836 -0.055512 0.796350 0.000000 0.000000 0.000000 1.000000
-0.074159 0.054242 0.995770 -2.647739 0.056154 0.997163 -0.050135 4.475878 -0.995664 0.052198 -0.076994 0.750789 0.000000 0.000000 0.000000 1.000000
-0.082775 0.052307 0.995195 -2.492135 0.036585 0.998108 -0.049417 4.527411 -0.995896 0.032319 -0.084532 0.693172 0.000000 0.000000 0.000000 1.000000
-0.079133 0.048783 0.995670 -2.288368 0.008117 0.998800 -0.048291 4.524390 -0.996831 0.004261 -0.079434 0.636238 0.000000 0.000000 0.000000 1.000000
-0.077341 0.052024 0.995646 -2.011041 -0.015829 0.998448 -0.053400 4.450535 -0.996879 -0.019890 -0.076398 0.590112 0.000000 0.000000 0.000000 1.000000
-0.086206 0.062443 0.994319 -1.684715 -0.029628 0.997432 -0.065207 4.329667 -0.995837 -0.035081 -0.084135 0.552603 0.000000 0.000000 0.000000 1.000000
-0.102469 0.071634 0.992154 -1.352080 -0.035248 0.996516 -0.075589 4.187027 -0.994112 -0.042717 -0.099587 0.522658 0.000000 0.000000 0.000000 1.000000
-0.118054 0.070452 0.990505 -1.068943 -0.036799 0.996484 -0.075263 4.077084 -0.992325 -0.045335 -0.115046 0.484228 0.000000 0.000000 0.000000 1.000000
-0.127527 0.056310 0.990235 -0.836407 -0.036905 0.997426 -0.061471 3.991746 -0.991148 -0.044384 -0.125121 0.445107 0.000000 0.000000 0.000000 1.000000
-0.128149 0.033637 0.991184 -0.646695 -0.038627 0.998497 -0.038879 3.950103 -0.991002 -0.043269 -0.126657 0.406584 0.000000 0.000000 0.000000 1.000000
-0.118847 0.008613 0.992875 -0.481510 -0.044455 0.998913 -0.013987 3.944323 -0.991917 -0.045800 -0.118335 0.369879 0.000000 0.000000 0.000000 1.000000
-0.101859 -0.018399 0.994629 -0.327087 -0.055383 0.998383 0.012797 3.939621 -0.993256 -0.053782 -0.102714 0.319068 0.000000 0.000000 0.000000 1.000000
-0.078444 -0.052615 0.995529 -0.107046 -0.067767 0.996578 0.047331 3.983373 -0.994613 -0.063752 -0.081741 0.298406 0.000000 0.000000 0.000000 1.000000
-0.051253 -0.096600 0.994003 0.192607 -0.077238 0.992713 0.092492 4.081456 -0.995694 -0.072034 -0.058340 0.281634 0.000000 0.000000 0.000000 1.000000
-0.029074 -0.144991 0.989006 0.511928 -0.080082 0.986581 0.142281 4.219883 -0.996364 -0.075065 -0.040295 0.253079 0.000000 0.000000 0.000000 1.000000
-0.025528 -0.187620 0.981910 0.716246 -0.080335 0.979438 0.185059 4.335684 -0.996441 -0.074158 -0.040076 0.224756 0.000000 0.000000 0.000000 1.000000
-0.026131 -0.216028 0.976037 0.974417 -0.086471 0.973200 0.213085 4.336749 -0.995912 -0.078831 -0.044111 0.256629 0.000000 0.000000 0.000000 1.000000
-0.017887 -0.227844 0.973533 1.358104 -0.083804 0.970604 0.225619 4.314660 -0.996322 -0.077551 -0.036455 0.313828 0.000000 0.000000 0.000000 1.000000
0.002338 -0.229180 0.973381 1.788053 -0.068341 0.971072 0.228800 4.267125 -0.997659 -0.067057 -0.013392 0.359987 0.000000 0.000000 0.000000 1.000000
0.031090 -0.229847 0.972730 2.236814 -0.042555 0.972014 0.231038 4.194983 -0.998610 -0.048578 0.020439 0.382416 0.000000 0.000000 0.000000 1.000000
0.055726 -0.233526 0.970752 2.628881 -0.012949 0.972012 0.234572 4.120217 -0.998362 -0.025642 0.051142 0.414581 0.000000 0.000000 0.000000 1.000000
0.069099 -0.235859 0.969327 2.929412 0.009098 0.971758 0.235802 4.028188 -0.997568 -0.007475 0.069293 0.463631 0.000000 0.000000 0.000000 1.000000
0.066860 -0.233176 0.970133 3.053392 0.023676 0.972406 0.232090 3.997182 -0.997481 0.007451 0.070536 0.506693 0.000000 0.000000 0.000000 1.000000
0.061631 -0.226833 0.971982 3.100967 0.033458 0.973755 0.225125 3.989159 -0.997538 0.018646 0.067602 0.545745 0.000000 0.000000 0.000000 1.000000
0.062190 -0.222098 0.973039 3.131533 0.045330 0.974549 0.219546 3.989662 -0.997034 0.030454 0.070675 0.584525 0.000000 0.000000 0.000000 1.000000
0.069159 -0.221577 0.972687 3.149209 0.061292 0.974124 0.217546 3.984129 -0.995721 0.044573 0.080950 0.620497 0.000000 0.000000 0.000000 1.000000
0.079829 -0.222240 0.971718 3.127146 0.078960 0.973176 0.216087 3.955011 -0.993676 0.059476 0.095236 0.647007 0.000000 0.000000 0.000000 1.000000
0.096308 -0.219374 0.970876 3.060824 0.094632 0.973010 0.210469 3.899940 -0.990843 0.071606 0.114468 0.654513 0.000000 0.000000 0.000000 1.000000
0.121245 -0.210899 0.969959 2.969118 0.105247 0.974391 0.198707 3.845349 -0.987027 0.077993 0.140336 0.649845 0.000000 0.000000 0.000000 1.000000
0.152638 -0.198909 0.968058 2.873374 0.108618 0.976979 0.183616 3.817926 -0.982295 0.077122 0.170729 0.654994 0.000000 0.000000 0.000000 1.000000
0.184672 -0.186716 0.964901 2.779198 0.101952 0.980130 0.170150 3.828145 -0.977498 0.066952 0.200038 0.675114 0.000000 0.000000 0.000000 1.000000
0.210812 -0.172385 0.962207 2.700573 0.083115 0.983924 0.158066 3.865834 -0.973987 0.046652 0.221751 0.682835 0.000000 0.000000 0.000000 1.000000
0.228438 -0.150293 0.961888 2.657095 0.054193 0.988443 0.141572 3.894358 -0.972049 0.019787 0.233943 0.646834 0.000000 0.000000 0.000000 1.000000
0.240786 -0.122036 0.962876 2.628176 0.022768 0.992501 0.120097 3.894274 -0.970311 -0.006995 0.241759 0.583132 0.000000 0.000000 0.000000 1.000000
0.258032 -0.097094 0.961245 2.592700 -0.004872 0.994794 0.101791 3.889133 -0.966124 -0.030948 0.256215 0.507748 0.000000 0.000000 0.000000 1.000000
0.286949 -0.082348 0.954400 2.484106 -0.025851 0.995270 0.093647 3.928356 -0.957597 -0.051544 0.283463 0.435941 0.000000 0.000000 0.000000 1.000000
0.326647 -0.075184 0.942151 2.281490 -0.040243 0.994821 0.093339 4.017746 -0.944289 -0.068404 0.321930 0.359254 0.000000 0.000000 0.000000 1.000000
0.374486 -0.066541 0.924842 2.037214 -0.049978 0.994523 0.091792 4.117349 -0.925885 -0.080597 0.369109 0.266496 0.000000 0.000000 0.000000 1.000000
0.428726 -0.049939 0.902053 1.816625 -0.057710 0.994918 0.082508 4.182956 -0.901590 -0.087431 0.423665 0.162610 0.000000 0.000000 0.000000 1.000000
0.485777 -0.027498 0.873650 1.645876 -0.064750 0.995627 0.067339 4.206298 -0.871681 -0.089281 0.481872 0.065112 0.000000 0.000000 0.000000 1.000000
0.540920 -0.006523 0.841049 1.525357 -0.070263 0.996124 0.052915 4.201720 -0.838134 -0.087717 0.538365 -0.010005 0.000000 0.000000 0.000000 1.000000
0.592521 0.008459 0.805511 1.450181 -0.071974 0.996501 0.042479 4.197295 -0.802333 -0.083146 0.591057 -0.054064 0.000000 0.000000 0.000000 1.000000
0.643247 0.020200 0.765392 1.428237 -0.069252 0.997090 0.031885 4.196651 -0.762520 -0.073515 0.642774 -0.051812 0.000000 0.000000 0.000000 1.000000
0.692753 0.035714 0.720291 1.448852 -0.066008 0.997721 0.014015 4.142018 -0.718148 -0.057254 0.693531 -0.021903 0.000000 0.000000 0.000000 1.000000
0.737207 0.054716 0.673448 1.456231 -0.061867 0.997995 -0.013360 4.043921 -0.672829 -0.031815 0.739114 0.006043 0.000000 0.000000 0.000000 1.000000
0.775835 0.068433 0.627214 1.462389 -0.051813 0.997653 -0.044759 3.932855 -0.628805 0.002227 0.777560 0.075504 0.000000 0.000000 0.000000 1.000000
0.811933 0.070432 0.579485 1.353224 -0.035420 0.996810 -0.071526 3.912450 -0.582674 0.037549 0.811838 0.028875 0.000000 0.000000 0.000000 1.000000
0.840604 0.053170 0.539034 1.182652 -0.006093 0.996036 -0.088745 3.948184 -0.541616 0.071315 0.837595 -0.170893 0.000000 0.000000 0.000000 1.000000
0.856284 0.021082 0.516074 1.032183 0.031963 0.995089 -0.093685 3.998943 -0.515515 0.096716 0.851405 -0.382454 0.000000 0.000000 0.000000 1.000000
0.864960 -0.009874 0.501744 0.884687 0.060830 0.994497 -0.085294 4.102866 -0.498141 0.104297 0.860801 -0.722561 0.000000 0.000000 0.000000 1.000000
0.880161 -0.026103 0.473957 0.761398 0.066618 0.995397 -0.068891 4.287299 -0.469977 0.092209 0.877849 -1.189993 0.000000 0.000000 0.000000 1.000000
0.910733 -0.035327 0.411482 0.732243 0.063679 0.996432 -0.055394 4.409826 -0.408057 0.076652 0.909733 -1.513754 0.000000 0.000000 0.000000 1.000000
0.954620 -0.047790 0.293966 0.739863 0.066472 0.996332 -0.053886 4.409563 -0.290313 0.070981 0.954296 -1.769457 0.000000 0.000000 0.000000 1.000000
0.990528 -0.059203 0.123890 0.775858 0.067537 0.995650 -0.064188 4.341278 -0.119551 0.071947 0.990218 -2.049252 0.000000 0.000000 0.000000 1.000000
0.995278 -0.063321 -0.073567 0.860818 0.057395 0.995137 -0.080055 4.258547 0.078279 0.075454 0.994072 -2.337691 0.000000 0.000000 0.000000 1.000000
0.961713 -0.062935 -0.266735 0.988978 0.038268 0.994578 -0.096692 4.188232 0.271374 0.082782 0.958907 -2.590912 0.000000 0.000000 0.000000 1.000000
0.903066 -0.065119 -0.424537 1.129006 0.018242 0.993363 -0.113568 4.133064 0.429115 0.094815 0.898260 -2.774611 0.000000 0.000000 0.000000 1.000000
0.846066 -0.070869 -0.528347 1.265477 0.002255 0.991591 -0.129394 4.109270 0.533074 0.108285 0.839111 -2.875171 0.000000 0.000000 0.000000 1.000000
0.810385 -0.073954 -0.581212 1.402257 -0.007468 0.990617 -0.136459 4.138301 0.585851 0.114925 0.802229 -2.921908 0.000000 0.000000 0.000000 1.000000
0.797054 -0.067356 -0.600140 1.527914 -0.011909 0.991814 -0.127132 4.198611 0.603791 0.108478 0.789727 -2.975177 0.000000 0.000000 0.000000 1.000000
0.796118 -0.052033 -0.602901 1.731774 -0.014275 0.994404 -0.104671 4.146411 0.604973 0.091937 0.790920 -2.982436 0.000000 0.000000 0.000000 1.000000
0.790186 -0.038297 -0.611670 1.953994 -0.015195 0.996515 -0.082022 4.000505 0.612679 0.074106 0.786850 -2.869943 0.000000 0.000000 0.000000 1.000000
0.771390 -0.042044 -0.634972 2.146129 -0.004744 0.997407 -0.071806 3.916403 0.636345 0.058403 0.769191 -2.729269 0.000000 0.000000 0.000000 1.000000
0.741084 -0.061069 -0.668629 2.320714 0.013479 0.997007 -0.076122 3.892319 0.671277 0.047401 0.739689 -2.615718 0.000000 0.000000 0.000000 1.000000
0.704720 -0.080082 -0.704951 2.480652 0.027792 0.995963 -0.085359 3.876938 0.708941 0.040562 0.704101 -2.508938 0.000000 0.000000 0.000000 1.000000
0.668412 -0.089627 -0.738372 2.609451 0.033805 0.995348 -0.090218 3.851159 0.743023 0.035342 0.668332 -2.407513 0.000000 0.000000 0.000000 1.000000
0.633454 -0.094592 -0.767977 2.691629 0.039421 0.995156 -0.090058 3.840117 0.772775 0.026773 0.634115 -2.337204 0.000000 0.000000 0.000000 1.000000
0.599389 -0.104029 -0.793669 2.745095 0.056311 0.994542 -0.087832 3.872671 0.798475 0.007953 0.601975 -2.290415 0.000000 0.000000 0.000000 1.000000
0.566965 -0.117071 -0.815380 2.811668 0.087192 0.992818 -0.081919 3.953067 0.819114 -0.024649 0.573101 -2.235656 0.000000 0.000000 0.000000 1.000000
0.536819 -0.122789 -0.834715 2.909850 0.120247 0.990388 -0.068357 4.055473 0.835085 -0.063676 0.546424 -2.125894 0.000000 0.000000 0.000000 1.000000
0.508267 -0.115303 -0.853446 3.018310 0.137919 0.989104 -0.051494 4.176361 0.850084 -0.091534 0.518632 -1.950608 0.000000 0.000000 0.000000 1.000000
0.476892 -0.103329 -0.872867 3.086942 0.132693 0.990148 -0.044715 4.286867 0.868888 -0.094499 0.485905 -1.744267 0.000000 0.000000 0.000000 1.000000
0.438673 -0.102563 -0.892775 3.049345 0.116758 0.991550 -0.056540 4.297036 0.891029 -0.079436 0.446941 -1.540853 0.000000 0.000000 0.000000 1.000000
0.398636 -0.116198 -0.909718 2.924327 0.104722 0.991220 -0.080719 4.210078 0.911111 -0.063090 0.407305 -1.314212 0.000000 0.000000 0.000000 1.000000
0.367706 -0.133010 -0.920381 2.774844 0.100880 0.989583 -0.102707 4.083210 0.924454 -0.055082 0.377294 -1.093329 0.000000 0.000000 0.000000 1.000000
0.355444 -0.140487 -0.924079 2.667956 0.100064 0.988678 -0.111818 3.974515 0.929326 -0.052722 0.365478 -0.909544 0.000000 0.000000 0.000000 1.000000
0.358631 -0.134059 -0.923803 2.602412 0.096894 0.989634 -0.105996 3.907437 0.928437 -0.051497 0.367903 -0.770009 0.000000 0.000000 0.000000 1.000000
0.362552 -0.116545 -0.924647 2.529623 0.089859 0.991899 -0.089788 3.883858 0.927621 -0.050535 0.370088 -0.662641 0.000000 0.000000 0.000000 1.000000
0.355533 -0.093846 -0.929940 2.429839 0.077138 0.994498 -0.070869 3.883855 0.931475 -0.046538 0.360816 -0.570723 0.000000 0.000000 0.000000 1.000000
0.333704 -0.071553 -0.939958 2.298198 0.058933 0.996748 -0.054954 3.893804 0.940834 -0.037056 0.336836 -0.490089 0.000000 0.000000 0.000000 1.000000
0.302839 -0.052755 -0.951580 2.160003 0.039937 0.998292 -0.042635 3.906575 0.952204 -0.025091 0.304429 -0.405395 0.000000 0.000000 0.000000 1.000000
0.274526 -0.037220 -0.960859 2.034185 0.024692 0.999194 -0.031651 3.909304 0.961263 -0.015036 0.275223 -0.311181 0.000000 0.000000 0.000000 1.000000
0.251979 -0.020269 -0.967520 1.843261 0.012348 0.999767 -0.017729 3.949884 0.967654 -0.007480 0.252171 -0.217164 0.000000 0.000000 0.000000 1.000000
0.230509 0.005168 -0.973057 1.569238 -0.002369 0.999986 0.004750 4.047485 0.973067 0.001211 0.230518 -0.095669 0.000000 0.000000 0.000000 1.000000
0.205526 0.040680 -0.977806 1.240157 -0.020941 0.999090 0.037164 4.156751 0.978428 0.012838 0.206190 0.039048 0.000000 0.000000 0.000000 1.000000
0.174134 0.078859 -0.981559 0.880500 -0.033170 0.996692 0.074190 4.274960 0.984163 0.019639 0.176174 0.173945 0.000000 0.000000 0.000000 1.000000
0.142199 0.111776 -0.983507 0.570864 -0.034748 0.993555 0.107894 4.359470 0.989228 0.018833 0.145167 0.276424 0.000000 0.000000 0.000000 1.000000
0.109169 0.135123 -0.984796 0.249057 -0.030984 0.990699 0.132498 4.373759 0.993540 0.016049 0.112340 0.339001 0.000000 0.000000 0.000000 1.000000
0.078093 0.147861 -0.985920 -0.126400 -0.022866 0.988946 0.146503 4.356298 0.996684 0.011103 0.080611 0.384401 0.000000 0.000000 0.000000 1.000000
0.057581 0.153837 -0.986417 -0.531318 -0.010761 0.988095 0.153470 4.301557 0.998283 0.001777 0.058550 0.437513 0.000000 0.000000 0.000000 1.000000
0.050986 0.157848 -0.986146 -0.953485 0.007737 0.987338 0.158439 4.206224 0.998669 -0.015708 0.049119 0.503352 0.000000 0.000000 0.000000 1.000000
0.056728 0.160097 -0.985470 -1.305290 0.034871 0.986139 0.162213 4.118945 0.997780 -0.043567 0.050359 0.534320 0.000000 0.000000 0.000000 1.000000
0.071071 0.157963 -0.984884 -1.519286 0.064681 0.984573 0.162580 4.064361 0.995372 -0.075258 0.059758 0.525824 0.000000 0.000000 0.000000 1.000000
0.090257 0.150947 -0.984413 -1.643451 0.090257 0.983140 0.159027 4.020015 0.991820 -0.103204 0.075111 0.502606 0.000000 0.000000 0.000000 1.000000
0.111984 0.141330 -0.983608 -1.758546 0.109822 0.982011 0.153604 3.977459 0.987623 -0.125223 0.094448 0.483019 0.000000 0.000000 0.000000 1.000000
0.133264 0.132866 -0.982134 -1.890357 0.127166 0.980489 0.149898 3.934183 0.982888 -0.144870 0.113768 0.469714 0.000000 0.000000 0.000000 1.000000
0.149225 0.128685 -0.980394 -2.012929 0.144950 0.977937 0.150426 3.907862 0.978121 -0.164555 0.127279 0.444060 0.000000 0.000000 0.000000 1.000000
0.153809 0.128981 -0.979646 -2.102359 0.160331 0.975047 0.153548 3.905151 0.975006 -0.180685 0.129291 0.390227 0.000000 0.000000 0.000000 1.000000
0.147480 0.131616 -0.980269 -2.166049 0.168416 0.973291 0.156017 3.931336 0.974621 -0.188102 0.121374 0.321815 0.000000 0.000000 0.000000 1.000000
0.139989 0.134157 -0.981022 -2.215432 0.167281 0.973332 0.156975 3.978241 0.975920 -0.186081 0.113814 0.250238 0.000000 0.000000 0.000000 1.000000
0.142031 0.135383 -0.980560 -2.241566 0.157508 0.974891 0.157414 4.024391 0.977250 -0.176804 0.117141 0.187803 0.000000 0.000000 0.000000 1.000000
0.156017 0.134560 -0.978546 -2.224878 0.138893 0.977846 0.156609 4.054377 0.977940 -0.160347 0.133871 0.133908 0.000000 0.000000 0.000000 1.000000
0.177662 0.129263 -0.975565 -2.170531 0.111014 0.982375 0.150383 4.070827 0.977810 -0.135019 0.160181 0.101640 0.000000 0.000000 0.000000 1.000000
0.200764 0.116861 -0.972644 -2.100099 0.074496 0.988163 0.134103 4.067997 0.976803 -0.099381 0.189682 0.105908 0.000000 0.000000 0.000000 1.000000
0.221264 0.099596 -0.970115 -2.043353 0.034540 0.993347 0.109859 4.036508 0.974602 -0.057815 0.216352 0.149059 0.000000 0.000000 0.000000 1.000000
0.239079 0.084601 -0.967308 -1.970539 0.001398 0.996166 0.087471 4.015911 0.970999 -0.022265 0.238044 0.185717 0.000000 0.000000 0.000000 1.000000
0.255978 0.076426 -0.963657 -1.816182 -0.018226 0.997074 0.074235 4.050128 0.966511 -0.001439 0.256622 0.169100 0.000000 0.000000 0.000000 1.000000
0.271375 0.072199 -0.959762 -1.553364 -0.025415 0.997372 0.067843 4.136723 0.962138 0.005981 0.272497 0.076094 0.000000 0.000000 0.000000 1.000000
0.282649 0.066791 -0.956895 -1.246542 -0.025711 0.997742 0.062048 4.248785 0.958879 0.007065 0.283728 -0.063706 0.000000 0.000000 0.000000 1.000000
0.287697 0.059868 -0.955848 -0.987741 -0.026511 0.998160 0.054539 4.332384 0.957354 0.009650 0.288755 -0.176758 0.000000 0.000000 0.000000 1.000000
0.287795 0.053823 -0.956179 -0.779522 -0.031078 0.998419 0.046847 4.371242 0.957188 0.016234 0.289012 -0.241057 0.000000 0.000000 0.000000 1.000000
0.284834 0.049864 -0.957279 -0.604823 -0.038442 0.998437 0.040570 4.377980 0.957806 0.025244 0.286306 -0.274944 0.000000 0.000000 0.000000 1.000000
0.281341 0.047919 -0.958411 -0.466477 -0.046293 0.998267 0.036323 4.360852 0.958490 0.034148 0.283072 -0.292686 0.000000 0.000000 0.000000 1.000000
0.283839 0.046796 -0.957729 -0.357867 -0.049978 0.998173 0.033960 4.323557 0.957568 0.038226 0.285660 -0.303255 0.000000 0.000000 0.000000 1.000000
0.300324 0.043416 -0.952849 -0.258790 -0.044267 0.998522 0.031545 4.285590 0.952809 0.032706 0.301802 -0.323861 0.000000 0.000000 0.000000 1.000000
0.326985 0.033981 -0.944418 -0.166339 -0.030865 0.999204 0.025266 4.258761 0.944525 0.020887 0.327774 -0.343176 0.000000 0.000000 0.000000 1.000000
0.345539 0.016247 -0.938264 -0.091109 -0.018131 0.999779 0.010635 4.241731 0.938229 0.013337 0.345758 -0.361079 0.000000 0.000000 0.000000 1.000000
0.342493 -0.008259 -0.939484 -0.034236 -0.011072 0.999856 -0.012826 4.226484 0.939455 0.014795 0.342352 -0.370842 0.000000 0.000000 0.000000 1.000000
0.323720 -0.032887 -0.945581 0.005357 -0.007127 0.999283 -0.037194 4.203123 0.946126 0.018780 0.323254 -0.382347 0.000000 0.000000 0.000000 1.000000
0.303711 -0.049128 -0.951497 0.033314 -0.000924 0.998654 -0.051858 4.180633 0.952764 0.016629 0.303257 -0.416687 0.000000 0.000000 0.000000 1.000000
0.292810 -0.051773 -0.954768 0.113393 0.010655 0.998648 -0.050885 4.184162 0.956111 0.004727 0.292965 -0.471605 0.000000 0.000000 0.000000 1.000000
0.295551 -0.043814 -0.954322 0.322569 0.027914 0.998917 -0.037216 4.229445 0.954919 -0.015639 0.296454 -0.533783 0.000000 0.000000 0.000000 1.000000
0.312649 -0.036216 -0.949178 0.643567 0.047473 0.998620 -0.022465 4.304715 0.948682 -0.038037 0.313937 -0.577193 0.000000 0.000000 0.000000 1.000000
0.338084 -0.039475 -0.940288 0.902914 0.067240 0.997580 -0.017704 4.363058 0.938711 -0.057239 0.339920 -0.597269 0.000000 0.000000 0.000000 1.000000
0.350691 -0.055833 -0.934826 1.075605 0.093697 0.995304 -0.024295 4.328147 0.931792 -0.079070 0.354275 -0.612949 0.000000 0.000000 0.000000 1.000000
0.326117 -0.075214 -0.942332 1.312758 0.118840 0.992184 -0.038066 4.269661 0.937830 -0.099573 0.332507 -0.643063 0.000000 0.000000 0.000000 1.000000
0.269332 -0.092699 -0.958576 1.576101 0.134927 0.989171 -0.057747 4.232377 0.953549 -0.113785 0.278923 -0.672297 0.000000 0.000000 0.000000 1.000000
0.200038 -0.116328 -0.972858 1.832554 0.144061 0.985627 -0.088233 4.173826 0.969139 -0.122501 0.213921 -0.689848 0.000000 0.000000 0.000000 1.000000
0.142835 -0.151386 -0.978100 1.893046 0.144307 0.980858 -0.130739 4.159739 0.979170 -0.122473 0.161947 -0.652094 0.000000 0.000000 0.000000 1.000000
0.109003 -0.192121 -0.975299 2.010396 0.141609 0.974140 -0.176065 4.058754 0.983903 -0.118919 0.133390 -0.605597 0.000000 0.000000 0.000000 1.000000
0.100316 -0.225524 -0.969059 2.162275 0.135065 0.968043 -0.211306 3.958078 0.985745 -0.109689 0.127571 -0.567854 0.000000 0.000000 0.000000 1.000000
0.107977 -0.245562 -0.963348 2.314627 0.129261 0.964256 -0.231306 3.873585 0.985714 -0.099548 0.135859 -0.528034 0.000000 0.000000 0.000000 1.000000
0.121650 -0.253480 -0.959661 2.432847 0.128478 0.962729 -0.238004 3.794773 0.984223 -0.094342 0.149682 -0.485630 0.000000 0.000000 0.000000 1.000000
0.136906 -0.250658 -0.958346 2.520652 0.132765 0.963370 -0.233006 3.722994 0.981647 -0.095335 0.165170 -0.435362 0.000000 0.000000 0.000000 1.000000
0.152525 -0.236318 -0.959630 2.598135 0.138034 0.966568 -0.216087 3.678432 0.978613 -0.099503 0.180046 -0.405012 0.000000 0.000000 0.000000 1.000000
0.165699 -0.211459 -0.963239 2.670809 0.137622 0.972142 -0.189739 3.673891 0.976526 -0.101124 0.190185 -0.402171 0.000000 0.000000 0.000000 1.000000
0.171740 -0.182774 -0.968039 2.713959 0.126783 0.978568 -0.162270 3.720884 0.976950 -0.094863 0.191232 -0.419026 0.000000 0.000000 0.000000 1.000000
0.172173 -0.159445 -0.972077 2.683170 0.107178 0.983987 -0.142415 3.838693 0.979219 -0.079666 0.186505 -0.457039 0.000000 0.000000 0.000000 1.000000
0.173946 -0.143721 -0.974211 2.483731 0.081559 0.987996 -0.131192 4.029119 0.981372 -0.056635 0.183580 -0.508117 0.000000 0.000000 0.000000 1.000000
0.178615 -0.129559 -0.975352 2.248521 0.054068 0.991087 -0.121748 4.231975 0.982432 -0.030990 0.184028 -0.527167 0.000000 0.000000 0.000000 1.000000
0.187840 -0.110831 -0.975927 2.037083 0.028025 0.993813 -0.107468 4.383774 0.981800 -0.007164 0.189783 -0.491185 0.000000 0.000000 0.000000 1.000000
0.198380 -0.090171 -0.975969 1.829178 0.003898 0.995824 -0.091213 4.486853 0.980117 0.014291 0.197903 -0.445108 0.000000 0.000000 0.000000 1.000000
0.200689 -0.077258 -0.976604 1.600172 -0.019035 0.996390 -0.082735 4.514113 0.979470 0.035193 0.198494 -0.387754 0.000000 0.000000 0.000000 1.000000
0.194298 -0.077793 -0.977853 1.311815 -0.045089 0.995089 -0.088123 4.478034 0.979906 0.061213 0.189837 -0.305994 0.000000 0.000000 0.000000 1.000000
0.189946 -0.089420 -0.977714 0.968600 -0.071400 0.991949 -0.104594 4.396529 0.979195 0.089675 0.182032 -0.204895 0.000000 0.000000 0.000000 1.000000
0.197731 -0.104657 -0.974653 0.607827 -0.089321 0.988224 -0.124235 4.284466 0.976178 0.111623 0.186055 -0.106339 0.000000 0.000000 0.000000 1.000000
0.216591 -0.116116 -0.969332 0.273880 -0.095275 0.985648 -0.139359 4.159403 0.971602 0.122537 0.202420 -0.024929 0.000000 0.000000 0.000000 1.000000
0.238021 -0.119323 -0.963902 0.018561 -0.092823 0.985088 -0.144867 4.066628 0.966814 0.123954 0.223396 0.029932 0.000000 0.000000 0.000000 1.000000
0.255292 -0.113109 -0.960225 -0.146822 -0.086800 0.986442 -0.139274 4.006067 0.962960 0.118903 0.242013 0.069989 0.000000 0.000000 0.000000 1.000000
0.266445 -0.099449 -0.958706 -0.241921 -0.082260 0.988687 -0.125421 3.996754 0.960333 0.112281 0.255251 0.103535 0.000000 0.000000 0.000000 1.000000
0.272441 -0.083823 -0.958514 -0.339626 -0.079882 0.990788 -0.109351 4.026302 0.958851 0.106359 0.263236 0.121659 0.000000 0.000000 0.000000 1.000000
0.272764 -0.070420 -0.959500 -0.467847 -0.077745 0.992443 -0.094938 4.086729 0.958935 0.100492 0.265227 0.134815 0.000000 0.000000 0.000000 1.000000
0.267520 -0.056867 -0.961873 -0.600555 -0.076597 0.993843 -0.080061 4.146251 0.960503 0.095095 0.261517 0.169902 0.000000 0.000000 0.000000 1.000000
0.258252 -0.036742 -0.965379 -0.746551 -0.079111 0.995116 -0.059037 4.202130 0.962833 0.091618 0.254084 0.208369 0.000000 0.000000 0.000000 1.000000
0.244662 -0.007417 -0.969580 -0.929448 -0.084662 0.995988 -0.028983 4.283363 0.965905 0.089178 0.243053 0.256394 0.000000 0.000000 0.000000 1.000000
0.232129 0.027315 -0.972301 -1.092168 -0.088834 0.996023 0.006773 4.368490 0.968620 0.084801 0.233632 0.303635 0.000000 0.000000 0.000000 1.000000
0.222578 0.062858 -0.972886 -1.228988 -0.093983 0.994655 0.042763 4.367129 0.970374 0.081917 0.227296 0.311272 0.000000 0.000000 0.000000 1.000000
0.203305 0.093479 -0.974643 -1.523905 -0.091447 0.992894 0.076154 4.322649 0.974836 0.073645 0.210408 0.296527 0.000000 0.000000 0.000000 1.000000
0.177317 0.116010 -0.977292 -1.896563 -0.078844 0.991511 0.103393 4.293839 0.980990 0.058720 0.184958 0.276010 0.000000 0.000000 0.000000 1.000000
0.147740 0.132335 -0.980133 -2.286405 -0.066788 0.990081 0.123611 4.256543 0.986768 0.047199 0.155113 0.263065 0.000000 0.000000 0.000000 1.000000
0.117865 0.146767 -0.982124 -2.658251 -0.056216 0.988418 0.140961 4.206190 0.991437 0.038596 0.124750 0.259683 0.000000 0.000000 0.000000 1.000000
0.092321 0.160845 -0.982652 -2.954941 -0.038807 0.986698 0.157861 4.166938 0.994973 0.023560 0.097335 0.241311 0.000000 0.000000 0.000000 1.000000
0.074662 0.170058 -0.982602 -3.146632 -0.011663 0.985433 0.169662 4.149922 0.997141 -0.001207 0.075558 0.210183 0.000000 0.000000 0.000000 1.000000
0.065991 0.171697 -0.982937 -3.271888 0.018502 0.984705 0.173247 4.138099 0.997649 -0.029619 0.061805 0.178935 0.000000 0.000000 0.000000 1.000000
0.070825 0.170129 -0.982873 -3.380916 0.044407 0.983833 0.173495 4.114391 0.996500 -0.055934 0.062125 0.151655 0.000000 0.000000 0.000000 1.000000
0.094255 0.171738 -0.980623 -3.489774 0.063262 0.981984 0.178057 4.069773 0.993536 -0.078819 0.081692 0.116335 0.000000 0.000000 0.000000 1.000000
0.131547 0.178951 -0.975024 -3.575078 0.075907 0.978865 0.189897 4.024290 0.988399 -0.098991 0.115183 0.062671 0.000000 0.000000 0.000000 1.000000
0.166561 0.188654 -0.967816 -3.622367 0.083317 0.975323 0.204457 3.985986 0.982505 -0.114690 0.146733 -0.000707 0.000000 0.000000 0.000000 1.000000
0.190230 0.195053 -0.962168 -3.637687 0.086996 0.972859 0.214420 3.954337 0.977877 -0.124494 0.168098 -0.062613 0.000000 0.000000 0.000000 1.000000
0.207050 0.194204 -0.958861 -3.633270 0.086280 0.972656 0.215628 3.929191 0.974518 -0.127376 0.184633 -0.116026 0.000000 0.000000 0.000000 1.000000
0.222658 0.186361 -0.956919 -3.604658 0.078046 0.975001 0.208042 3.913817 0.971768 -0.121006 0.202547 -0.146387 0.000000 0.000000 0.000000 1.000000
0.235460 0.173667 -0.956242 -3.548257 0.062096 0.979207 0.193128 3.910141 0.969898 -0.104853 0.219780 -0.141443 0.000000 0.000000 0.000000 1.000000
0.241915 0.157959 -0.957354 -3.482140 0.042807 0.983962 0.173166 3.907225 0.969353 -0.082873 0.231274 -0.101669 0.000000 0.000000 0.000000 1.000000
0.245134 0.143574 -0.958799 -3.418212 0.024844 0.987718 0.154256 3.892727 0.969171 -0.061634 0.238556 -0.042485 0.000000 0.000000 0.000000 1.000000
0.254809 0.136316 -0.957335 -3.287907 0.010715 0.989555 0.143755 3.909555 0.966932 -0.046888 0.250686 0.006123 0.000000 0.000000 0.000000 1.000000
0.275689 0.135381 -0.951666 -2.965439 0.000589 0.990009 0.141006 4.017578 0.961247 -0.039434 0.272855 0.000582 0.000000 0.000000 0.000000 1.000000
0.295346 0.133678 -0.945992 -2.558819 -0.011281 0.990582 0.136457 4.141998 0.955324 -0.029630 0.294073 -0.072490 0.000000 0.000000 0.000000 1.000000
0.311782 0.123661 -0.942072 -2.162028 -0.023323 0.992192 0.122521 4.251058 0.949867 -0.016228 0.312232 -0.165341 0.000000 0.000000 0.000000 1.000000
0.328225 0.107199 -0.938497 -1.830033 -0.034962 0.994237 0.101339 4.326880 0.943952 -0.000450 0.330082 -0.224029 0.000000 0.000000 0.000000 1.000000
0.345872 0.091541 -0.933806 -1.558678 -0.046896 0.995672 0.080236 4.359187 0.937109 0.016040 0.348668 -0.252430 0.000000 0.000000 0.000000 1.000000
0.362617 0.079674 -0.928526 -1.327402 -0.056723 0.996378 0.063344 4.360714 0.930210 0.029700 0.365823 -0.277477 0.000000 0.000000 0.000000 1.000000
0.373857 0.070780 -0.924782 -1.131617 -0.063456 0.996699 0.050631 4.330595 0.925313 0.039754 0.377115 -0.306277 0.000000 0.000000 0.000000 1.000000
0.378119 0.062925 -0.923616 -0.957010 -0.067616 0.996900 0.040237 4.263032 0.923284 0.047237 0.381201 -0.334333 0.000000 0.000000 0.000000 1.000000
0.378258 0.052687 -0.924200 -0.787505 -0.067939 0.997267 0.029046 4.177988 0.923204 0.051803 0.380804 -0.361227 0.000000 0.000000 0.000000 1.000000
0.376211 0.037161 -0.925788 -0.639567 -0.063711 0.997868 0.014164 4.109018 0.924341 0.053655 0.377777 -0.389620 0.000000 0.000000 0.000000 1.000000
0.369815 0.016882 -0.928952 -0.537782 -0.056336 0.998403 -0.004283 4.060120 0.927396 0.053918 0.370175 -0.417642 0.000000 0.000000 0.000000 1.000000
0.354802 -0.004446 -0.934931 -0.499222 -0.046600 0.998662 -0.022433 4.017792 0.933779 0.051527 0.354120 -0.452501 0.000000 0.000000 0.000000 1.000000
0.330639 -0.020415 -0.943536 -0.487807 -0.034609 0.998831 -0.033740 3.973337 0.943123 0.043810 0.329546 -0.522668 0.000000 0.000000 0.000000 1.000000
0.301933 -0.024087 -0.953025 -0.388069 -0.019548 0.999314 -0.031450 3.969599 0.953129 0.028125 0.301255 -0.618325 0.000000 0.000000 0.000000 1.000000
