<?xml version="1.0" encoding="utf-8"?>
<COLLADA xmlns="http://www.collada.org/2005/11/COLLADASchema" version="1.4.1">
  <asset>
    <contributor>
      <author>Mixamo</author>
      <authoring_tool>COLLADA Mixamo exporter</authoring_tool>
      <comments/>
    </contributor>
    <created>2024-05-27T10:24:51Z</created>
    <modified>2024-05-27T10:24:51Z</modified>
    <revision/>
    <title/>
    <unit meter="0.010000"/>
    <up_axis>Y_UP</up_axis>
  </asset>
  <library_animations>
    <animation id="mixamorig_Hips-anim" name="mixamorig_Hips">
      <source id="mixamorig_Hips-Matrix-animation-input">
        <float_array id="mixamorig_Hips-Matrix-animation-input-array" count="284">

0.000000 0.033333 0.066667 0.100000 0.133333 0.166667 0.200000 0.233333 0.266667 0.300000 0.333333 0.366667 0.400000 0.433333 0.466667 0.500000
0.533333 0.566667 0.600000 0.633333 0.666667 0.700000 0.733333 0.766667 0.800000 0.833333 0.866667 0.900000 0.933333 0.966667 1.000000 1.033333
1.066667 1.100000 1.133333 1.166667 1.200000 1.233333 1.266667 1.300000 1.333333 1.366667 1.400000 1.433333 1.466667 1.500000 1.533333 1.566667
1.600000 1.633333 1.666667 1.700000 1.733333 1.766667 1.800000 1.833333 1.866667 1.900000 1.933333 1.966667 2.000000 2.033333 2.066667 2.100000
2.133333 2.166667 2.200000 2.233333 2.266667 2.300000 2.333333 2.366667 2.400000 2.433333 2.466667 2.500000 2.533333 2.566667 2.600000 2.633333
2.666667 2.700000 2.733333 2.766667 2.800000 2.833333 2.866667 2.900000 2.933333 2.966667 3.000000 3.033333 3.066667 3.100000 3.133333 3.166667
3.200000 3.233333 3.266667 3.300000 3.333333 3.366667 3.400000 3.433333 3.466667 3.500000 3.533333 3.566667 3.600000 3.633333 3.666667 3.700000
3.733333 3.766667 3.800000 3.833333 3.866667 3.900000 3.933333 3.966667 4.000000 4.033333 4.066667 4.100000 4.133333 4.166667 4.200000 4.233333
4.266667 4.300000 4.333333 4.366667 4.400000 4.433333 4.466667 4.500000 4.533333 4.566667 4.600000 4.633333 4.666667 4.700000 4.733333 4.766667
4.800000 4.833333 4.866667 4.900000 4.933333 4.966667 5.000000 5.033333 5.066667 5.100000 5.133333 5.166667 5.200000 5.233333 5.266667 5.300000
5.333333 5.366667 5.400000 5.433333 5.466667 5.500000 5.533333 5.566667 5.600000 5.633333 5.666667 5.700000 5.733333 5.766667 5.800000 5.833333
5.866667 5.900000 5.933333 5.966667 6.000000 6.033333 6.066667 6.100000 6.133333 6.166667 6.200000 6.233333 6.266667 6.300000 6.333333 6.366667
6.400000 6.433333 6.466667 6.500000 6.533333 6.566667 6.600000 6.633333 6.666667 6.700000 6.733333 6.766667 6.800000 6.833333 6.866667 6.900000
6.933333 6.966667 7.000000 7.033333 7.066667 7.100000 7.133333 7.166667 7.200000 7.233333 7.266667 7.300000 7.333333 7.366667 7.400000 7.433333
7.466667 7.500000 7.533333 7.566667 7.600000 7.633333 7.666667 7.700000 7.733333 7.766667 7.800000 7.833333 7.866667 7.900000 7.933333 7.966667
8.000000 8.033333 8.066667 8.100000 8.133333 8.166667 8.200000 8.233333 8.266667 8.300000 8.333333 8.366667 8.400000 8.433333 8.466667 8.500000
8.533333 8.566667 8.600000 8.633333 8.666667 8.700000 8.733333 8.766667 8.800000 8.833333 8.866667 8.900000 8.933333 8.966667 9.000000 9.033333
9.066667 9.100000 9.133333 9.166667 9.200000 9.233333 9.266667 9.300000 9.333333 9.366667 9.400000 9.433333</float_array>
        <technique_common>
          <accessor source="#mixamorig_Hips-Matrix-animation-input-array" count="284">
            <param name="TIME" type="float"/>
          </accessor>
        </technique_common>
      </source>
      <source id="mixamorig_Hips-Matrix-animation-output-transform">
        <float_array id="mixamorig_Hips-Matrix-animation-output-transform-array" count="4544">

0.889475 -0.156243 -0.429444 0.049655 0.158068 0.986920 -0.031674 3.854622 0.428776 -0.039708 0.902538 -0.115814 0.000000 0.000000 0.000000 1.000000
0.841645 -0.176037 -0.510533 0.010585 0.190278 0.981419 -0.024719 3.758299 0.505399 -0.076339 0.859503 -0.031527 0.000000 0.000000 0.000000 1.000000
0.784415 -0.196096 -0.588421 0.031996 0.227773 0.973493 -0.020783 3.624197 0.576899 -0.117723 0.808288 0.054904 0.000000 0.000000 0.000000 1.000000
0.717159 -0.213169 -0.663507 0.102865 0.269174 0.962915 -0.018421 3.452374 0.642828 -0.165388 0.747943 0.151299 0.000000 0.000000 0.000000 1.000000
0.640112 -0.225419 -0.734468 0.221722 0.312230 0.949809 -0.019392 3.241101 0.701975 -0.216910 0.678366 0.216532 0.000000 0.000000 0.000000 1.000000
0.564687 -0.229465 -0.792763 0.354101 0.346362 0.937775 -0.024724 3.035948 0.749107 -0.260621 0.609028 0.195191 0.000000 0.000000 0.000000 1.000000
0.514287 -0.225448 -0.827455 0.434803 0.362855 0.931417 -0.028249 2.906044 0.777075 -0.285718 0.560821 0.141198 0.000000 0.000000 0.000000 1.000000
0.498371 -0.218251 -0.839043 0.463890 0.366001 0.930290 -0.024590 2.851069 0.785920 -0.294835 0.543509 0.119065 0.000000 0.000000 0.000000 1.000000
0.512254 -0.210143 -0.832728 0.456877 0.360993 0.932474 -0.013250 2.842071 0.779282 -0.293822 0.553524 0.126060 0.000000 0.000000 0.000000 1.000000
0.563261 -0.203674 -0.800783 0.409375 0.344112 0.938923 0.003236 2.908316 0.751215 -0.277381 0.598945 0.171335 0.000000 0.000000 0.000000 1.000000
0.647349 -0.193865 -0.737127 0.330140 0.308940 0.950844 0.021240 3.053170 0.696775 -0.241478 0.675420 0.206403 0.000000 0.000000 0.000000 1.000000
0.742874 -0.174348 -0.646328 0.267349 0.258780 0.965225 0.037065 3.245169 0.617390 -0.194791 0.762159 0.161008 0.000000 0.000000 0.000000 1.000000
0.830567 -0.145313 -0.537627 0.253334 0.201073 0.978488 0.046162 3.418818 0.519354 -0.146443 0.841918 0.059254 0.000000 0.000000 0.000000 1.000000
0.900542 -0.110007 -0.420623 0.279111 0.141241 0.989009 0.043735 3.540799 0.411188 -0.098794 0.906181 -0.073569 0.000000 0.000000 0.000000 1.000000
0.949535 -0.070997 -0.305520 0.344766 0.084866 0.995868 0.032336 3.572251 0.301962 -0.056632 0.951636 -0.240254 0.000000 0.000000 0.000000 1.000000
0.978799 -0.029130 -0.202741 0.438723 0.033842 0.999231 0.019812 3.481873 0.202008 -0.026253 0.979032 -0.436327 0.000000 0.000000 0.000000 1.000000
0.992452 0.010333 -0.122201 0.513578 -0.009403 0.999922 0.008189 3.318092 0.122276 -0.006978 0.992472 -0.617856 0.000000 0.000000 0.000000 1.000000
0.996825 0.040695 -0.068441 0.544964 -0.041183 0.999135 -0.005724 3.172414 0.068149 0.008525 0.997639 -0.736964 0.000000 0.000000 0.000000 1.000000
0.997364 0.058735 -0.042615 0.560301 -0.059662 0.998001 -0.020826 3.074653 0.041306 0.023314 0.998874 -0.786935 0.000000 0.000000 0.000000 1.000000
0.997069 0.064340 -0.041398 0.563677 -0.065679 0.997333 -0.031833 3.039366 0.039240 0.034459 0.998635 -0.784814 0.000000 0.000000 0.000000 1.000000
0.996478 0.058359 -0.060211 0.547649 -0.060723 0.997423 -0.038212 3.071757 0.057825 0.041733 0.997454 -0.749592 0.000000 0.000000 0.000000 1.000000
0.994640 0.042925 -0.094070 0.534732 -0.047422 0.997811 -0.046093 3.146104 0.091885 0.050307 0.994498 -0.672828 0.000000 0.000000 0.000000 1.000000
0.990049 0.019256 -0.139400 0.514334 -0.027962 0.997760 -0.060766 3.246056 0.137918 0.064059 0.988370 -0.560127 0.000000 0.000000 0.000000 1.000000
0.981100 -0.009626 -0.193262 0.487174 -0.006309 0.996639 -0.081671 3.326209 0.193399 0.081347 0.977742 -0.418671 0.000000 0.000000 0.000000 1.000000
0.966596 -0.039687 -0.253215 0.474885 0.013383 0.994406 -0.104772 3.341251 0.255957 0.097883 0.961720 -0.263601 0.000000 0.000000 0.000000 1.000000
0.946807 -0.067815 -0.314576 0.481830 0.028926 0.991521 -0.126685 3.300582 0.320500 0.110847 0.940740 -0.106825 0.000000 0.000000 0.000000 1.000000
0.923537 -0.092808 -0.372110 0.495448 0.040190 0.988355 -0.146761 3.236512 0.381397 0.120584 0.916513 0.030869 0.000000 0.000000 0.000000 1.000000
0.900002 -0.113438 -0.420867 0.497541 0.046395 0.984988 -0.166274 3.176133 0.433410 0.130120 0.891753 0.140607 0.000000 0.000000 0.000000 1.000000
0.879628 -0.127191 -0.458341 0.489016 0.045602 0.981697 -0.184907 3.124669 0.473471 0.141749 0.869329 0.209700 0.000000 0.000000 0.000000 1.000000
0.866027 -0.131190 -0.482479 0.481471 0.037549 0.979304 -0.198882 3.082570 0.498585 0.154120 0.853030 0.224115 0.000000 0.000000 0.000000 1.000000
0.863194 -0.124115 -0.489378 0.474272 0.024702 0.978533 -0.204602 3.067907 0.504267 0.164523 0.847730 0.196606 0.000000 0.000000 0.000000 1.000000
0.871683 -0.108781 -0.477844 0.464213 0.010640 0.979024 -0.203465 3.094663 0.489954 0.172273 0.854557 0.136666 0.000000 0.000000 0.000000 1.000000
0.888172 -0.089228 -0.450766 0.449833 -0.003004 0.979818 -0.199871 3.157595 0.459502 0.178874 0.869978 0.050613 0.000000 0.000000 0.000000 1.000000
0.908680 -0.067267 -0.412038 0.439650 -0.016387 0.980427 -0.196197 3.236363 0.417171 0.185033 0.889793 -0.058153 0.000000 0.000000 0.000000 1.000000
0.931129 -0.042271 -0.362231 0.441495 -0.030396 0.980808 -0.192592 3.317637 0.363420 0.190338 0.911974 -0.169365 0.000000 0.000000 0.000000 1.000000
0.953009 -0.014455 -0.302597 0.466533 -0.045355 0.980795 -0.189696 3.371845 0.299528 0.194506 0.934050 -0.278942 0.000000 0.000000 0.000000 1.000000
0.970803 0.014325 -0.239450 0.505248 -0.061038 0.980110 -0.188833 3.364292 0.231982 0.197936 0.952369 -0.389050 0.000000 0.000000 0.000000 1.000000
0.982351 0.040478 -0.182614 0.537960 -0.075757 0.978744 -0.190579 3.290588 0.171018 0.201050 0.964537 -0.498472 0.000000 0.000000 0.000000 1.000000
0.988525 0.062537 -0.137504 0.557197 -0.088854 0.976871 -0.194494 3.178803 0.122160 0.204480 0.971218 -0.590022 0.000000 0.000000 0.000000 1.000000
0.991343 0.080999 -0.103338 0.587450 -0.100431 0.974755 -0.199417 3.043690 0.084576 0.208069 0.974451 -0.639337 0.000000 0.000000 0.000000 1.000000
0.992406 0.093190 -0.080282 0.603028 -0.107835 0.973142 -0.203387 2.935313 0.059172 0.210500 0.975801 -0.673772 0.000000 0.000000 0.000000 1.000000
0.992661 0.097947 -0.070930 0.607620 -0.110571 0.972641 -0.204314 2.872457 0.048977 0.210657 0.976332 -0.686346 0.000000 0.000000 0.000000 1.000000
0.992395 0.094050 -0.079421 0.598697 -0.108327 0.973672 -0.200571 2.866463 0.058466 0.207649 0.976455 -0.667597 0.000000 0.000000 0.000000 1.000000
0.990955 0.081759 -0.106414 0.574998 -0.101124 0.976243 -0.191636 2.923010 0.088218 0.200663 0.975680 -0.620810 0.000000 0.000000 0.000000 1.000000
0.986817 0.062792 -0.149165 0.566721 -0.089288 0.979938 -0.178184 3.027850 0.134984 0.189154 0.972625 -0.541159 0.000000 0.000000 0.000000 1.000000
0.977606 0.036011 -0.207338 0.554694 -0.070598 0.984275 -0.161923 3.175588 0.198246 0.172935 0.964776 -0.444151 0.000000 0.000000 0.000000 1.000000
0.959658 0.002090 -0.281161 0.512926 -0.044820 0.988323 -0.145633 3.329433 0.277574 0.152360 0.948546 -0.315419 0.000000 0.000000 0.000000 1.000000
0.929763 -0.033880 -0.366596 0.450093 -0.015967 0.991109 -0.132091 3.425915 0.367812 0.128667 0.920956 -0.152532 0.000000 0.000000 0.000000 1.000000
0.888580 -0.067774 -0.453688 0.394198 0.012977 0.992344 -0.122824 3.451291 0.458538 0.103251 0.882656 0.020982 0.000000 0.000000 0.000000 1.000000
0.839711 -0.099605 -0.533820 0.365190 0.042734 0.992106 -0.117894 3.418839 0.541349 0.076185 0.837339 0.163627 0.000000 0.000000 0.000000 1.000000
0.790729 -0.127859 -0.598665 0.353654 0.072296 0.990606 -0.116077 3.358636 0.607882 0.048504 0.792545 0.269043 0.000000 0.000000 0.000000 1.000000
0.750141 -0.150048 -0.644030 0.348457 0.099185 0.988429 -0.114761 3.291767 0.653797 0.022209 0.756344 0.336633 0.000000 0.000000 0.000000 1.000000
0.723751 -0.164488 -0.670170 0.340172 0.121367 0.986379 -0.111028 3.235277 0.679305 -0.000979 0.733856 0.366173 0.000000 0.000000 0.000000 1.000000
0.715193 -0.171179 -0.677641 0.321259 0.138612 0.985025 -0.102534 3.211363 0.685044 -0.020598 0.728210 0.363597 0.000000 0.000000 0.000000 1.000000
0.726504 -0.170261 -0.665735 0.290135 0.150613 0.984715 -0.087478 3.237387 0.670453 -0.036715 0.741043 0.332597 0.000000 0.000000 0.000000 1.000000
0.755492 -0.160719 -0.635139 0.251220 0.154548 0.985804 -0.065619 3.312840 0.636669 -0.048585 0.769606 0.276519 0.000000 0.000000 0.000000 1.000000
0.794997 -0.142716 -0.589586 0.211604 0.147837 0.988208 -0.039864 3.418252 0.588323 -0.055471 0.806721 0.206243 0.000000 0.000000 0.000000 1.000000
0.837652 -0.119512 -0.532969 0.178050 0.132083 0.991130 -0.014659 3.527063 0.529993 -0.058117 0.846008 0.136276 0.000000 0.000000 0.000000 1.000000
0.878877 -0.095422 -0.467408 0.168647 0.111960 0.993683 0.007660 3.611627 0.463725 -0.059063 0.884008 0.057109 0.000000 0.000000 0.000000 1.000000
0.915941 -0.071513 -0.394890 0.198106 0.089716 0.995579 0.027798 3.651845 0.391156 -0.060889 0.918308 -0.044165 0.000000 0.000000 0.000000 1.000000
0.945446 -0.045928 -0.322525 0.266761 0.064301 0.996845 0.046541 3.632210 0.319370 -0.064741 0.945416 -0.173632 0.000000 0.000000 0.000000 1.000000
0.965024 -0.018929 -0.261479 0.346651 0.036624 0.997343 0.062969 3.545729 0.259592 -0.070343 0.963153 -0.314986 0.000000 0.000000 0.000000 1.000000
0.976394 0.004850 -0.215944 0.401665 0.012041 0.996971 0.076837 3.439498 0.215663 -0.077623 0.973378 -0.425866 0.000000 0.000000 0.000000 1.000000
0.982442 0.020153 -0.185476 0.434591 -0.003421 0.995928 0.090089 3.353564 0.186536 -0.087872 0.978510 -0.501964 0.000000 0.000000 0.000000 1.000000
0.984975 0.026119 -0.170711 0.455081 -0.008124 0.994411 0.105269 3.311433 0.172507 -0.102301 0.979682 -0.544121 0.000000 0.000000 0.000000 1.000000
0.984048 0.024638 -0.176189 0.463555 -0.002886 0.992444 0.122665 3.326099 0.177880 -0.120199 0.976684 -0.542096 0.000000 0.000000 0.000000 1.000000
0.978384 0.017217 -0.206081 0.452250 0.012059 0.990083 0.139964 3.397259 0.206447 -0.139424 0.968473 -0.486621 0.000000 0.000000 0.000000 1.000000
0.965784 0.005599 -0.259289 0.414317 0.035793 0.987322 0.154640 3.499288 0.256868 -0.158629 0.953339 -0.377710 0.000000 0.000000 0.000000 1.000000
0.943800 -0.007576 -0.330431 0.362649 0.066003 0.983921 0.165963 3.587825 0.323861 -0.178446 0.929124 -0.227209 0.000000 0.000000 0.000000 1.000000
0.910093 -0.020881 -0.413877 0.321764 0.101768 0.979407 0.174369 3.640422 0.401713 -0.200812 0.893477 -0.061782 0.000000 0.000000 0.000000 1.000000
0.863152 -0.033374 -0.503840 0.291918 0.142480 0.973364 0.179614 3.660367 0.484425 -0.226821 0.844917 0.099981 0.000000 0.000000 0.000000 1.000000
0.803698 -0.043399 -0.593452 0.287430 0.185597 0.965865 0.180716 3.634666 0.565352 -0.255384 0.784319 0.210944 0.000000 0.000000 0.000000 1.000000
0.740774 -0.049489 -0.669929 0.293326 0.225745 0.957623 0.178876 3.579661 0.632687 -0.283740 0.720554 0.295814 0.000000 0.000000 0.000000 1.000000
0.683969 -0.052640 -0.727609 0.311780 0.260540 0.949241 0.176239 3.505831 0.681400 -0.310113 0.662966 0.345200 0.000000 0.000000 0.000000 1.000000
0.641003 -0.053269 -0.765687 0.335727 0.287968 0.941406 0.175583 3.431504 0.711469 -0.333043 0.618784 0.358351 0.000000 0.000000 0.000000 1.000000
0.617122 -0.050654 -0.785235 0.356189 0.305692 0.934974 0.179932 3.374346 0.725060 -0.351080 0.592478 0.346293 0.000000 0.000000 0.000000 1.000000
0.615200 -0.045775 -0.787041 0.355210 0.313081 0.930402 0.190610 3.357635 0.723539 -0.363671 0.586715 0.322297 0.000000 0.000000 0.000000 1.000000
0.635620 -0.040952 -0.770915 0.323881 0.309636 0.928276 0.205983 3.383526 0.707186 -0.369630 0.602712 0.291491 0.000000 0.000000 0.000000 1.000000
0.673618 -0.036648 -0.738171 0.263599 0.294978 0.929105 0.223054 3.450403 0.677663 -0.367997 0.636672 0.248598 0.000000 0.000000 0.000000 1.000000
0.720901 -0.029072 -0.692428 0.191544 0.268543 0.932782 0.240422 3.547634 0.638894 -0.359268 0.680251 0.190672 0.000000 0.000000 0.000000 1.000000
0.770803 -0.014252 -0.636914 0.132607 0.230192 0.938436 0.257583 3.642077 0.594032 -0.345159 0.726631 0.123805 0.000000 0.000000 0.000000 1.000000
0.818428 0.005402 -0.574584 0.092424 0.184912 0.944288 0.272263 3.714355 0.544044 -0.329075 0.771833 0.059536 0.000000 0.000000 0.000000 1.000000
0.859771 0.025498 -0.510043 0.080704 0.139533 0.949020 0.282652 3.737704 0.491248 -0.314184 0.812382 -0.005129 0.000000 0.000000 0.000000 1.000000
0.891722 0.046009 -0.450239 0.111392 0.097021 0.952259 0.289465 3.699408 0.442062 -0.301805 0.844686 -0.080817 0.000000 0.000000 0.000000 1.000000
0.914390 0.069719 -0.398785 0.174101 0.055529 0.954148 0.294138 3.618080 0.401007 -0.291101 0.868593 -0.150986 0.000000 0.000000 0.000000 1.000000
0.928845 0.093617 -0.358445 0.249429 0.018659 0.954495 0.297642 3.517612 0.369999 -0.283152 0.884831 -0.212413 0.000000 0.000000 0.000000 1.000000
0.936732 0.108556 -0.332789 0.306624 -0.003168 0.953288 0.302048 3.440408 0.350033 -0.281883 0.893319 -0.256382 0.000000 0.000000 0.000000 1.000000
0.938891 0.109071 -0.326476 0.331793 -0.003128 0.951133 0.308766 3.424217 0.344200 -0.288876 0.893351 -0.275494 0.000000 0.000000 0.000000 1.000000
0.934954 0.098806 -0.340733 0.323479 0.015063 0.948512 0.316382 3.474301 0.354450 -0.300935 0.885327 -0.264949 0.000000 0.000000 0.000000 1.000000
0.924433 0.084359 -0.371898 0.288802 0.043534 0.945504 0.322687 3.553407 0.378852 -0.314492 0.870382 -0.226401 0.000000 0.000000 0.000000 1.000000
0.906877 0.067805 -0.415904 0.257510 0.079402 0.941795 0.326677 3.610358 0.413847 -0.329280 0.848708 -0.164907 0.000000 0.000000 0.000000 1.000000
0.880205 0.048102 -0.472149 0.248859 0.124335 0.936731 0.327225 3.623563 0.458017 -0.346729 0.818535 -0.077369 0.000000 0.000000 0.000000 1.000000
0.840621 0.027010 -0.540950 0.261511 0.177355 0.929966 0.322038 3.588679 0.511763 -0.366652 0.776959 0.025691 0.000000 0.000000 0.000000 1.000000
0.786974 0.008488 -0.616928 0.291991 0.232535 0.922090 0.309316 3.511244 0.571489 -0.386881 0.723687 0.115961 0.000000 0.000000 0.000000 1.000000
0.726842 -0.005689 -0.686781 0.328385 0.281713 0.914443 0.290571 3.409871 0.626369 -0.404675 0.666259 0.189171 0.000000 0.000000 0.000000 1.000000
0.671575 -0.016374 -0.740756 0.367247 0.319101 0.908680 0.269213 3.305636 0.668702 -0.417172 0.615471 0.225872 0.000000 0.000000 0.000000 1.000000
0.628432 -0.024823 -0.777468 0.403674 0.342922 0.905964 0.248260 3.210298 0.698196 -0.422625 0.577849 0.227033 0.000000 0.000000 0.000000 1.000000
0.598499 -0.031984 -0.800485 0.425205 0.355790 0.905868 0.229818 3.145034 0.717783 -0.422350 0.553541 0.203654 0.000000 0.000000 0.000000 1.000000
0.587611 -0.036998 -0.808297 0.424899 0.356078 0.908849 0.217259 3.115604 0.726582 -0.415481 0.547224 0.172748 0.000000 0.000000 0.000000 1.000000
0.605403 -0.038814 -0.794972 0.382333 0.338328 0.916629 0.212896 3.140186 0.720431 -0.397850 0.568062 0.153514 0.000000 0.000000 0.000000 1.000000
0.650587 -0.034673 -0.758640 0.287801 0.299344 0.929788 0.214212 3.235714 0.697947 -0.366458 0.615287 0.139162 0.000000 0.000000 0.000000 1.000000
0.707800 -0.023068 -0.706036 0.183218 0.245710 0.945098 0.215445 3.372100 0.662303 -0.325972 0.674608 0.100553 0.000000 0.000000 0.000000 1.000000
0.765086 -0.008940 -0.643866 0.110961 0.190607 0.958238 0.213187 3.497471 0.615071 -0.285831 0.734839 0.050384 0.000000 0.000000 0.000000 1.000000
0.820078 0.002930 -0.572244 0.075939 0.140741 0.968239 0.206652 3.595225 0.554675 -0.250009 0.793619 0.013110 0.000000 0.000000 0.000000 1.000000
0.869884 0.014237 -0.493051 0.097477 0.095035 0.976018 0.195851 3.644061 0.484015 -0.217225 0.847669 -0.035531 0.000000 0.000000 0.000000 1.000000
0.909778 0.028311 -0.414129 0.174652 0.052215 0.981942 0.181836 3.629821 0.411799 -0.187054 0.891870 -0.110153 0.000000 0.000000 0.000000 1.000000
0.936908 0.042405 -0.346996 0.277836 0.017172 0.985834 0.166840 3.560204 0.349155 -0.162272 0.922907 -0.209215 0.000000 0.000000 0.000000 1.000000
0.953131 0.049864 -0.298420 0.358999 -0.003573 0.988112 0.153693 3.473660 0.302536 -0.145423 0.941979 -0.303303 0.000000 0.000000 0.000000 1.000000
0.962049 0.048243 -0.268577 0.411042 -0.009603 0.989623 0.143364 3.411095 0.272707 -0.135344 0.952530 -0.373548 0.000000 0.000000 0.000000 1.000000
0.965365 0.041472 -0.257585 0.444497 -0.006492 0.990798 0.135192 3.388499 0.260821 -0.128838 0.956751 -0.415691 0.000000 0.000000 0.000000 1.000000
0.962797 0.033110 -0.268190 0.458288 0.001784 0.991665 0.128831 3.409855 0.270220 -0.124516 0.954713 -0.417119 0.000000 0.000000 0.000000 1.000000
0.953580 0.022330 -0.300311 0.449782 0.015484 0.992292 0.122950 3.459143 0.300741 -0.121893 0.945884 -0.364401 0.000000 0.000000 0.000000 1.000000
0.937647 0.006972 -0.347518 0.440122 0.034775 0.992901 0.113750 3.500083 0.345844 -0.118742 0.930748 -0.262130 0.000000 0.000000 0.000000 1.000000
0.915389 -0.013115 -0.402357 0.448662 0.057350 0.993524 0.098091 3.512252 0.398465 -0.112866 0.910213 -0.130205 0.000000 0.000000 0.000000 1.000000
0.886423 -0.035784 -0.461491 0.460815 0.079933 0.993863 0.076468 3.497645 0.455922 -0.104671 0.883843 0.018523 0.000000 0.000000 0.000000 1.000000
0.849586 -0.059652 -0.524066 0.472474 0.101091 0.993580 0.050789 3.451528 0.517672 -0.096128 0.850162 0.137491 0.000000 0.000000 0.000000 1.000000
0.808994 -0.083117 -0.581911 0.468075 0.118158 0.992741 0.022470 3.396915 0.575819 -0.086936 0.812942 0.228599 0.000000 0.000000 0.000000 1.000000
0.772482 -0.103878 -0.626483 0.453376 0.128322 0.991713 -0.006209 3.350286 0.621936 -0.075595 0.779411 0.285918 0.000000 0.000000 0.000000 1.000000
0.747493 -0.119129 -0.653500 0.436523 0.130877 0.990916 -0.030937 3.319789 0.651249 -0.062403 0.756294 0.309872 0.000000 0.000000 0.000000 1.000000
0.738386 -0.127048 -0.662302 0.421223 0.127664 0.990669 -0.047708 3.304028 0.662184 -0.049325 0.747716 0.307595 0.000000 0.000000 0.000000 1.000000
0.747795 -0.126523 -0.651763 0.409522 0.119748 0.991278 -0.055039 3.304230 0.653041 -0.036889 0.756423 0.283796 0.000000 0.000000 0.000000 1.000000
0.775575 -0.116936 -0.620330 0.405980 0.106615 0.992841 -0.053861 3.329412 0.622187 -0.024364 0.782489 0.236222 0.000000 0.000000 0.000000 1.000000
0.815824 -0.099571 -0.569663 0.412502 0.088877 0.994951 -0.046624 3.384187 0.571429 -0.012594 0.820555 0.163338 0.000000 0.000000 0.000000 1.000000
0.859488 -0.077514 -0.505245 0.420888 0.068621 0.996985 -0.036223 3.463269 0.506530 -0.003537 0.862215 0.070445 0.000000 0.000000 0.000000 1.000000
0.899654 -0.053531 -0.433310 0.430661 0.047336 0.998564 -0.025081 3.544998 0.434030 0.002053 0.900896 -0.047018 0.000000 0.000000 0.000000 1.000000
0.933676 -0.028754 -0.356964 0.451059 0.025004 0.999573 -0.015115 3.598038 0.357246 0.005187 0.933996 -0.185153 0.000000 0.000000 0.000000 1.000000
0.960457 -0.003918 -0.278401 0.488159 0.001880 0.999969 -0.007584 3.592484 0.278422 0.006760 0.960435 -0.331751 0.000000 0.000000 0.000000 1.000000
0.978505 0.018398 -0.205402 0.534881 -0.019239 0.999813 -0.002096 3.512800 0.205325 0.006003 0.978676 -0.480239 0.000000 0.000000 0.000000 1.000000
0.988657 0.036219 -0.145761 0.566743 -0.036155 0.999341 0.003086 3.399895 0.145777 0.002219 0.989315 -0.609817 0.000000 0.000000 0.000000 1.000000
0.993591 0.048936 -0.101889 0.579183 -0.048304 0.998795 0.008668 3.301922 0.102190 -0.003691 0.994758 -0.705581 0.000000 0.000000 0.000000 1.000000
0.995848 0.055878 -0.071864 0.596907 -0.055048 0.998393 0.013477 3.228229 0.072502 -0.009465 0.997323 -0.760313 0.000000 0.000000 0.000000 1.000000
0.996946 0.054671 -0.055770 0.606074 -0.053856 0.998420 0.016011 3.204462 0.056558 -0.012958 0.998315 -0.788433 0.000000 0.000000 0.000000 1.000000
0.997382 0.045503 -0.056198 0.601828 -0.044684 0.998877 0.015747 3.238682 0.056852 -0.013194 0.998295 -0.788693 0.000000 0.000000 0.000000 1.000000
0.996682 0.031827 -0.074913 0.606315 -0.030955 0.999439 0.012764 3.302866 0.075277 -0.010403 0.997108 -0.739506 0.000000 0.000000 0.000000 1.000000
0.993599 0.015624 -0.111875 0.606125 -0.015025 0.999868 0.006191 3.385135 0.111957 -0.004471 0.993703 -0.643636 0.000000 0.000000 0.000000 1.000000
0.986567 -0.001435 -0.163350 0.595201 0.000439 0.999981 -0.006134 3.458292 0.163355 0.005979 0.986549 -0.504270 0.000000 0.000000 0.000000 1.000000
0.974054 -0.018703 -0.225539 0.585696 0.013408 0.999598 -0.024986 3.488526 0.225916 0.021314 0.973914 -0.339542 0.000000 0.000000 0.000000 1.000000
0.955135 -0.036509 -0.293913 0.589186 0.023557 0.998594 -0.047488 3.462929 0.295233 0.038434 0.954652 -0.176188 0.000000 0.000000 0.000000 1.000000
0.931758 -0.054303 -0.358997 0.598641 0.031723 0.997147 -0.068497 3.402316 0.361692 0.052434 0.930822 -0.030399 0.000000 0.000000 0.000000 1.000000
0.909788 -0.070179 -0.409097 0.607626 0.039060 0.995705 -0.083944 3.331429 0.413230 0.060393 0.908622 0.080336 0.000000 0.000000 0.000000 1.000000
0.895670 -0.081708 -0.437148 0.617376 0.045636 0.994674 -0.092413 3.257823 0.442371 0.062822 0.894629 0.146811 0.000000 0.000000 0.000000 1.000000
0.892471 -0.088694 -0.442300 0.616718 0.052033 0.994177 -0.094368 3.196019 0.448094 0.061206 0.891889 0.198258 0.000000 0.000000 0.000000 1.000000
0.900176 -0.093620 -0.425344 0.597184 0.060672 0.994056 -0.090393 3.180078 0.431279 0.055564 0.900506 0.270696 0.000000 0.000000 0.000000 1.000000
0.916930 -0.098824 -0.386618 0.572146 0.072954 0.994035 -0.081063 3.238508 0.392323 0.046124 0.918670 0.362954 0.000000 0.000000 0.000000 1.000000
0.938727 -0.104082 -0.328570 0.546602 0.086044 0.993898 -0.069011 3.377144 0.333748 0.036511 0.941955 0.470964 0.000000 0.000000 0.000000 1.000000
0.960274 -0.107447 -0.257545 0.503011 0.095169 0.993669 -0.059713 3.586090 0.262330 0.032831 0.964420 0.630424 0.000000 0.000000 0.000000 1.000000
0.977751 -0.107733 -0.179988 0.439629 0.098749 0.993410 -0.058176 3.832114 0.185070 0.039108 0.981947 0.880338 0.000000 0.000000 0.000000 1.000000
0.989014 -0.106494 -0.102518 0.368126 0.100197 0.992859 -0.064737 4.076325 0.108680 0.053754 0.992622 1.167170 0.000000 0.000000 0.000000 1.000000
0.994021 -0.105424 -0.028412 0.295016 0.103065 0.991875 -0.074580 4.306045 0.036043 0.071206 0.996810 1.444903 0.000000 0.000000 0.000000 1.000000
0.993896 -0.104535 0.035271 0.237559 0.107167 0.990723 -0.083563 4.499448 -0.026209 0.086833 0.995878 1.654744 0.000000 0.000000 0.000000 1.000000
0.991160 -0.103124 0.083475 0.218186 0.110625 0.989699 -0.090872 4.595652 -0.073244 0.099304 0.992358 1.746588 0.000000 0.000000 0.000000 1.000000
0.987789 -0.098585 0.120640 0.259580 0.110258 0.989425 -0.094237 4.489810 -0.110074 0.106388 0.988213 1.690199 0.000000 0.000000 0.000000 1.000000
0.983554 -0.099088 0.151007 0.303324 0.113267 0.989627 -0.088366 4.279837 -0.140685 0.104017 0.984575 1.514180 0.000000 0.000000 0.000000 1.000000
0.979142 -0.110206 0.170693 0.315214 0.123859 0.989721 -0.071488 4.063055 -0.161060 0.091139 0.982728 1.331216 0.000000 0.000000 0.000000 1.000000
0.976529 -0.127980 0.173238 0.307517 0.138275 0.989197 -0.048677 3.891742 -0.165137 0.071489 0.983676 1.202404 0.000000 0.000000 0.000000 1.000000
0.976536 -0.146702 0.157661 0.304853 0.152698 0.987916 -0.026552 3.768655 -0.151861 0.050004 0.987136 1.135936 0.000000 0.000000 0.000000 1.000000
0.977892 -0.164502 0.129099 0.304205 0.167010 0.985916 -0.008768 3.642623 -0.125838 0.030135 0.991593 1.083978 0.000000 0.000000 0.000000 1.000000
0.978642 -0.180892 0.097660 0.288003 0.181473 0.983391 0.002978 3.469166 -0.096577 0.014808 0.995215 1.053134 0.000000 0.000000 0.000000 1.000000
0.978592 -0.192610 0.072522 0.227388 0.192567 0.981254 0.007652 3.318278 -0.072636 0.006477 0.997337 1.090824 0.000000 0.000000 0.000000 1.000000
0.978501 -0.197927 0.057969 0.129972 0.197930 0.980199 0.005749 3.219851 -0.057959 0.005849 0.998302 1.177213 0.000000 0.000000 0.000000 1.000000
0.978479 -0.198243 0.057254 0.025829 0.198602 0.980080 -0.000593 3.144199 -0.055996 0.011951 0.998359 1.288065 0.000000 0.000000 0.000000 1.000000
0.977875 -0.195597 0.074181 -0.061297 0.196764 0.980412 -0.008690 3.063865 -0.071028 0.023094 0.997207 1.444919 0.000000 0.000000 0.000000 1.000000
0.976294 -0.192036 0.099857 -0.111147 0.194666 0.980719 -0.017204 2.990411 -0.094628 0.036235 0.994853 1.605255 0.000000 0.000000 0.000000 1.000000
0.974126 -0.186871 0.127113 -0.131476 0.191259 0.981267 -0.023128 2.927721 -0.120410 0.046842 0.991619 1.742810 0.000000 0.000000 0.000000 1.000000
0.972989 -0.180733 0.143625 -0.141431 0.186216 0.982176 -0.025588 2.884746 -0.136440 0.051642 0.989301 1.820557 0.000000 0.000000 0.000000 1.000000
0.974153 -0.174871 0.142989 -0.153281 0.180100 0.983346 -0.024386 2.858859 -0.136343 0.049508 0.989424 1.823588 0.000000 0.000000 0.000000 1.000000
0.977603 -0.169569 0.124654 -0.164194 0.173186 0.984712 -0.018696 2.845617 -0.119578 0.039865 0.992024 1.762441 0.000000 0.000000 0.000000 1.000000
0.982467 -0.163373 0.089822 -0.163397 0.164751 0.986302 -0.008088 2.842525 -0.087270 0.022745 0.995925 1.646619 0.000000 0.000000 0.000000 1.000000
0.987046 -0.155318 0.040194 -0.139904 0.155202 0.987864 0.005998 2.850822 -0.040638 0.000318 0.999174 1.483198 0.000000 0.000000 0.000000 1.000000
0.988925 -0.146963 -0.020723 -0.092430 0.147402 0.988843 0.021514 2.871386 0.017330 -0.024331 0.999554 1.289289 0.000000 0.000000 0.000000 1.000000
0.986308 -0.140418 -0.086483 -0.034948 0.144086 0.988847 0.037701 2.895186 0.080225 -0.049646 0.995540 1.086920 0.000000 0.000000 0.000000 1.000000
0.978913 -0.135989 -0.152432 0.020282 0.145598 0.987885 0.053702 2.911317 0.143283 -0.074763 0.986854 0.890394 0.000000 0.000000 0.000000 1.000000
0.967298 -0.132434 -0.216324 0.073871 0.150145 0.986355 0.067525 2.915123 0.204430 -0.097797 0.973984 0.710141 0.000000 0.000000 0.000000 1.000000
0.954460 -0.129258 -0.268883 0.124209 0.155591 0.984661 0.078956 2.896191 0.254553 -0.117196 0.959931 0.584096 0.000000 0.000000 0.000000 1.000000
0.942957 -0.127559 -0.307509 0.166797 0.161736 0.982881 0.088242 2.862402 0.290988 -0.132944 0.947445 0.515514 0.000000 0.000000 0.000000 1.000000
0.935057 -0.127207 -0.330888 0.186605 0.167199 0.981313 0.095230 2.823390 0.312591 -0.144369 0.938853 0.486268 0.000000 0.000000 0.000000 1.000000
0.933815 -0.126038 -0.334819 0.169664 0.168212 0.980667 0.099987 2.786710 0.315744 -0.149690 0.936963 0.501631 0.000000 0.000000 0.000000 1.000000
0.940458 -0.121894 -0.317302 0.115547 0.162090 0.981340 0.103431 2.766112 0.298774 -0.148704 0.942667 0.566014 0.000000 0.000000 0.000000 1.000000
0.953740 -0.114752 -0.277869 0.037502 0.149293 0.983046 0.106452 2.774915 0.260943 -0.143011 0.954702 0.681528 0.000000 0.000000 0.000000 1.000000
0.970639 -0.105932 -0.215959 -0.043539 0.131632 0.985367 0.108285 2.816866 0.201328 -0.133533 0.970379 0.849579 0.000000 0.000000 0.000000 1.000000
0.986498 -0.095676 -0.132920 -0.104038 0.110247 0.988132 0.106964 2.887522 0.121108 -0.120174 0.985338 1.064415 0.000000 0.000000 0.000000 1.000000
0.995908 -0.083024 -0.035699 -0.128263 0.086241 0.991164 0.100780 2.984274 0.027017 -0.103446 0.994268 1.301504 0.000000 0.000000 0.000000 1.000000
0.995448 -0.067135 0.067642 -0.120860 0.060981 0.994140 0.089256 3.105745 -0.073238 -0.084725 0.993709 1.518361 0.000000 0.000000 0.000000 1.000000
0.981635 -0.047268 0.184820 -0.099373 0.034148 0.996707 0.073540 3.186215 -0.187688 -0.065878 0.980017 1.663893 0.000000 0.000000 0.000000 1.000000
0.954751 -0.025979 0.296269 -0.078225 0.010442 0.998492 0.053904 3.256313 -0.297222 -0.048371 0.953582 1.742338 0.000000 0.000000 0.000000 1.000000
0.918805 -0.006251 0.394662 -0.065073 -0.007058 0.999455 0.032262 3.298531 -0.394649 -0.032428 0.918260 1.738646 0.000000 0.000000 0.000000 1.000000
0.882542 0.008249 0.470161 -0.057348 -0.015133 0.999826 0.010864 3.327743 -0.469989 -0.016703 0.882514 1.692440 0.000000 0.000000 0.000000 1.000000
0.856057 0.018451 0.516552 -0.034583 -0.016479 0.999829 -0.008403 3.365831 -0.516618 -0.001319 0.856215 1.611192 0.000000 0.000000 0.000000 1.000000
0.846931 0.024503 0.531138 0.020199 -0.013754 0.999613 -0.024183 3.428582 -0.531525 0.013176 0.846940 1.521174 0.000000 0.000000 0.000000 1.000000
0.857416 0.022307 0.514140 0.100036 -0.004680 0.999357 -0.035553 3.516840 -0.514602 0.028077 0.856969 1.434857 0.000000 0.000000 0.000000 1.000000
0.883430 0.008637 0.468484 0.184098 0.013415 0.998954 -0.043714 3.613310 -0.468372 0.044903 0.882390 1.343277 0.000000 0.000000 0.000000 1.000000
0.917164 -0.014292 0.398254 0.249019 0.038187 0.997910 -0.052132 3.705694 -0.396677 0.063022 0.915792 1.236348 0.000000 0.000000 0.000000 1.000000
0.949507 -0.043880 0.310664 0.277800 0.066795 0.995744 -0.063505 3.789209 -0.306555 0.081049 0.948396 1.116789 0.000000 0.000000 0.000000 1.000000
0.972313 -0.079608 0.219704 0.270157 0.098838 0.992046 -0.077952 3.822663 -0.211751 0.097509 0.972447 0.980609 0.000000 0.000000 0.000000 1.000000
0.982947 -0.120803 0.138641 0.250635 0.134475 0.986461 -0.093871 3.794952 -0.125424 0.110914 0.985884 0.854932 0.000000 0.000000 0.000000 1.000000
0.984136 -0.160761 0.075047 0.206418 0.168325 0.979728 -0.108630 3.682360 -0.056062 0.119539 0.991245 0.763269 0.000000 0.000000 0.000000 1.000000
0.980875 -0.191916 0.032441 0.180573 0.194447 0.973593 -0.119614 3.542484 -0.008629 0.123634 0.992290 0.713651 0.000000 0.000000 0.000000 1.000000
0.977192 -0.212073 0.011008 0.172504 0.211764 0.969271 -0.125180 3.423511 0.015878 0.124656 0.992073 0.694953 0.000000 0.000000 0.000000 1.000000
0.975385 -0.220340 0.008633 0.178132 0.219685 0.967609 -0.124385 3.356596 0.019054 0.123220 0.992196 0.695025 0.000000 0.000000 0.000000 1.000000
0.976648 -0.213629 0.022833 0.201691 0.214827 0.969627 -0.116927 3.365871 0.002839 0.119102 0.992878 0.708663 0.000000 0.000000 0.000000 1.000000
0.980174 -0.190869 0.053174 0.221922 0.195519 0.975222 -0.103506 3.443646 -0.032100 0.111851 0.993206 0.754271 0.000000 0.000000 0.000000 1.000000
0.982564 -0.157249 0.099205 0.192934 0.165942 0.982339 -0.086452 3.535109 -0.083858 0.101406 0.991304 0.862345 0.000000 0.000000 0.000000 1.000000
0.979987 -0.120229 0.158651 0.136799 0.132579 0.988721 -0.069665 3.592975 -0.148486 0.089304 0.984874 1.024552 0.000000 0.000000 0.000000 1.000000
0.970504 -0.084521 0.225782 0.061093 0.099758 0.993382 -0.056930 3.597307 -0.219476 0.077775 0.972513 1.231184 0.000000 0.000000 0.000000 1.000000
0.954161 -0.050717 0.294967 0.000753 0.067923 0.996517 -0.048373 3.555968 -0.291486 0.066190 0.954282 1.440304 0.000000 0.000000 0.000000 1.000000
0.933214 -0.021583 0.358673 -0.025250 0.038747 0.998418 -0.040734 3.496454 -0.357227 0.051911 0.932574 1.612553 0.000000 0.000000 0.000000 1.000000
0.912557 -0.001055 0.408948 -0.029060 0.015000 0.999410 -0.030894 3.441850 -0.408674 0.034327 0.912035 1.727098 0.000000 0.000000 0.000000 1.000000
0.897507 0.009678 0.440895 -0.023730 -0.001833 0.999832 -0.018214 3.402434 -0.440997 0.015539 0.897374 1.778834 0.000000 0.000000 0.000000 1.000000
0.891590 0.012682 0.452666 -0.012272 -0.012938 0.999913 -0.002529 3.384243 -0.452659 -0.003602 0.891677 1.776764 0.000000 0.000000 0.000000 1.000000
0.896381 0.011115 0.443145 0.006331 -0.021517 0.999598 0.018451 3.387640 -0.442762 -0.026074 0.896260 1.731938 0.000000 0.000000 0.000000 1.000000
0.911854 0.007353 0.410450 0.035317 -0.029160 0.998474 0.046893 3.411289 -0.409479 -0.054728 0.910677 1.651999 0.000000 0.000000 0.000000 1.000000
0.935289 0.002669 0.353875 0.077290 -0.033362 0.996183 0.080661 3.451959 -0.352308 -0.087248 0.931808 1.544356 0.000000 0.000000 0.000000 1.000000
0.961062 -0.002636 0.276320 0.124687 -0.030198 0.992964 0.114505 3.497642 -0.274677 -0.118390 0.954220 1.421465 0.000000 0.000000 0.000000 1.000000
0.982791 -0.008303 0.184536 0.165174 -0.018886 0.989238 0.145092 3.525031 -0.183755 -0.146081 0.972057 1.287308 0.000000 0.000000 0.000000 1.000000
0.996044 -0.013672 0.087799 0.196455 -0.001636 0.985103 0.171960 3.513130 -0.088842 -0.171423 0.981184 1.129372 0.000000 0.000000 0.000000 1.000000
0.999780 -0.019981 -0.006323 0.228091 0.020829 0.980718 0.194313 3.469082 0.002318 -0.194402 0.980919 0.968649 0.000000 0.000000 0.000000 1.000000
0.995652 -0.028419 -0.088711 0.258062 0.046635 0.976460 0.210595 3.386401 0.080638 -0.213816 0.973540 0.809558 0.000000 0.000000 0.000000 1.000000
0.987578 -0.038097 -0.152444 0.277044 0.071739 0.972468 0.221720 3.273792 0.139800 -0.229902 0.963121 0.667129 0.000000 0.000000 0.000000 1.000000
0.980025 -0.045598 -0.193574 0.280996 0.090719 0.968689 0.231110 3.167176 0.176975 -0.244055 0.953476 0.583866 0.000000 0.000000 0.000000 1.000000
0.977218 -0.047583 -0.206833 0.265171 0.098083 0.965483 0.241293 3.093538 0.188212 -0.256083 0.948155 0.575851 0.000000 0.000000 0.000000 1.000000
0.980388 -0.043031 -0.192320 0.230696 0.091782 0.963274 0.252348 3.077676 0.174398 -0.265050 0.948332 0.629619 0.000000 0.000000 0.000000 1.000000
0.988093 -0.033077 -0.150259 0.185632 0.072408 0.961675 0.264458 3.118553 0.135753 -0.272190 0.952620 0.745332 0.000000 0.000000 0.000000 1.000000
0.996480 -0.018584 -0.081747 0.138968 0.040624 0.960029 0.276938 3.197598 0.073333 -0.279284 0.957404 0.922219 0.000000 0.000000 0.000000 1.000000
0.999928 -0.000565 0.011961 0.098128 -0.002883 0.958135 0.286302 3.279479 -0.011622 -0.286316 0.958065 1.137468 0.000000 0.000000 0.000000 1.000000
0.991683 0.019706 0.127185 0.074167 -0.056041 0.955723 0.288882 3.335301 -0.115860 -0.293607 0.948879 1.357331 0.000000 0.000000 0.000000 1.000000
0.966309 0.041321 0.254045 0.075015 -0.115410 0.951802 0.284172 3.361341 -0.230058 -0.303918 0.924504 1.558185 0.000000 0.000000 0.000000 1.000000
0.923225 0.063049 0.379052 0.091128 -0.176710 0.945613 0.273110 3.350657 -0.341217 -0.319124 0.884155 1.688366 0.000000 0.000000 0.000000 1.000000
0.870336 0.082740 0.485458 0.108284 -0.232542 0.938007 0.257034 3.310094 -0.434096 -0.336595 0.835622 1.749934 0.000000 0.000000 0.000000 1.000000
0.819018 0.099333 0.565105 0.120123 -0.277765 0.930439 0.239020 3.264687 -0.502052 -0.352728 0.789637 1.751030 0.000000 0.000000 0.000000 1.000000
0.776662 0.112123 0.619858 0.128356 -0.311777 0.923470 0.223605 3.234787 -0.547349 -0.366922 0.752181 1.707147 0.000000 0.000000 0.000000 1.000000
0.749786 0.121684 0.650395 0.138681 -0.335893 0.916873 0.215683 3.226863 -0.570085 -0.380179 0.728332 1.644799 0.000000 0.000000 0.000000 1.000000
0.746739 0.128971 0.652494 0.161249 -0.348645 0.911342 0.218867 3.244389 -0.566417 -0.390925 0.725499 1.592373 0.000000 0.000000 0.000000 1.000000
0.770204 0.132297 0.623926 0.206810 -0.345297 0.908978 0.233513 3.298332 -0.536242 -0.395293 0.745780 1.563798 0.000000 0.000000 0.000000 1.000000
0.811964 0.128000 0.569500 0.277283 -0.323340 0.910923 0.256263 3.392898 -0.485969 -0.392218 0.781024 1.539403 0.000000 0.000000 0.000000 1.000000
0.859522 0.116270 0.497697 0.356389 -0.287399 0.915192 0.282534 3.507409 -0.422638 -0.385882 0.820044 1.483573 0.000000 0.000000 0.000000 1.000000
0.905192 0.100723 0.412895 0.420355 -0.243403 0.919266 0.309363 3.609895 -0.348401 -0.380533 0.856628 1.389208 0.000000 0.000000 0.000000 1.000000
0.945520 0.081664 0.315157 0.455173 -0.191100 0.922932 0.334180 3.682231 -0.263578 -0.376200 0.888257 1.270628 0.000000 0.000000 0.000000 1.000000
0.976298 0.057562 0.208637 0.458021 -0.130080 0.926508 0.353076 3.708655 -0.172980 -0.371847 0.912035 1.128748 0.000000 0.000000 0.000000 1.000000
0.993822 0.031226 0.106504 0.436302 -0.068193 0.928903 0.363991 3.663271 -0.087566 -0.369005 0.925293 0.948168 0.000000 0.000000 0.000000 1.000000
0.999773 0.007343 0.020020 0.419876 -0.014227 0.929028 0.369735 3.567719 -0.015884 -0.369936 0.928921 0.787524 0.000000 0.000000 0.000000 1.000000
0.998971 -0.011999 -0.043746 0.397796 0.027473 0.927433 0.372978 3.445183 0.036096 -0.373796 0.926808 0.672591 0.000000 0.000000 0.000000 1.000000
0.996177 -0.026426 -0.083270 0.380433 0.055798 0.925869 0.373701 3.346308 0.067222 -0.376918 0.923804 0.609684 0.000000 0.000000 0.000000 1.000000
0.994807 -0.034000 -0.095928 0.388597 0.067580 0.925441 0.372816 3.318653 0.076100 -0.377363 0.922933 0.588633 0.000000 0.000000 0.000000 1.000000
0.996157 -0.034074 -0.080683 0.373238 0.061863 0.925852 0.372788 3.345225 0.061998 -0.376346 0.924402 0.624679 0.000000 0.000000 0.000000 1.000000
0.998783 -0.029208 -0.039743 0.323371 0.041960 0.926697 0.373460 3.395100 0.025922 -0.374673 0.926794 0.727367 0.000000 0.000000 0.000000 1.000000
0.999466 -0.024276 0.021884 0.250399 0.014411 0.928287 0.371586 3.435355 -0.029336 -0.371072 0.928141 0.892058 0.000000 0.000000 0.000000 1.000000
